EDT,Max TemperatureF,Mean TemperatureF,Min TemperatureF,Max Dew PointF,MeanDew PointF,Min DewpointF,Max Humidity, Mean Humidity, Min Humidity, Max Sea Level PressureIn, Mean Sea Level PressureIn, Min Sea Level PressureIn, Max VisibilityMiles, Mean VisibilityMiles, Min VisibilityMiles, Max Wind SpeedMPH, Mean Wind SpeedMPH, Max Gust SpeedMPH,PrecipitationIn, CloudCover, Events, WindDirDegrees
2010-12-21,27,26,24,21,19,16,88,81,74,30.08,30.05,30.01,10,10,9,15,6,18,T,8,,341
2010-12-22,28,26,24,25,23,20,88,83,78,30.00,29.94,29.89,10,8,2,16,8,21,T,8,Snow,315
2010-12-23,27,27,26,23,20,18,84,76,68,30.15,30.05,29.96,10,8,4,18,11,25,0.01,8,Snow,321
2010-12-24,26,25,24,22,20,18,88,78,68,30.23,30.18,30.14,10,9,5,15,7,18,T,8,Snow,310
2010-12-25,24,21,17,20,15,10,84,79,73,30.11,30.07,30.03,10,10,10,13,6,15,0.00,8,,340
2010-12-26,21,18,14,10,9,6,80,71,62,30.05,29.96,29.75,10,10,9,21,10,24,T,7,Snow,360
2010-12-27,23,17,11,13,9,3,80,69,57,29.88,29.76,29.69,10,9,5,26,16,32,T,7,Snow,345
2010-12-28,30,25,20,25,21,11,92,76,59,29.94,29.87,29.81,10,9,5,24,13,31,0.02,8,Snow,289
2010-12-29,31,27,22,26,23,19,85,79,72,30.14,30.04,29.93,10,8,4,20,11,25,T,8,Snow,272
2010-12-30,40,27,13,26,21,12,96,73,50,30.19,30.12,30.05,10,9,4,9,4,10,0.00,5,,122
2010-12-31,49,40,30,36,32,26,82,70,58,30.07,30.03,30.00,10,10,8,10,4,12,T,7,Rain,122
2011-1-1,53,45,37,44,40,36,86,76,66,30.01,29.91,29.82,10,10,8,14,7,17,0.03,8,Rain,160
2011-1-2,45,35,25,36,25,13,96,73,49,30.09,30.02,29.89,10,9,6,25,11,31,0.05,8,Rain-Snow,308
2011-1-3,31,27,23,17,14,11,68,56,43,30.17,30.11,30.02,10,10,9,22,12,26,T,6,Snow,270
2011-1-4,36,32,28,28,24,16,92,73,53,30.01,29.84,29.76,10,6,1,18,9,22,0.03,8,Snow,248
2011-1-5,31,26,21,29,22,13,100,75,50,29.89,29.82,29.75,10,6,1,17,9,21,0.13,7,Snow,300
2011-1-6,26,21,16,18,15,12,91,74,57,29.77,29.67,29.43,10,7,2,13,5,15,0.01,8,Snow,217
2011-1-7,26,20,13,25,18,8,84,67,50,29.46,29.39,29.34,10,5,0,18,5,21,0.04,8,Fog-Snow,231
2011-1-8,27,19,11,19,14,8,92,77,62,29.66,29.51,29.42,10,8,2,12,3,13,0.01,7,Snow,337
2011-1-9,26,24,22,22,18,15,92,83,74,30.17,29.96,29.68,10,4,1,23,13,29,0.07,8,Snow,307
2011-1-10,24,20,16,21,16,10,92,77,62,30.34,30.29,30.17,10,5,1,20,8,24,0.01,7,Snow,320
2011-1-11,21,18,15,18,15,11,92,80,68,30.33,30.09,29.84,10,6,0,10,5,14,0.23,8,Fog-Snow,99
2011-1-12,21,19,17,18,16,14,91,84,77,30.05,29.82,29.70,9,2,0,18,9,24,2.13,8,Fog-Snow,356
2011-1-13,20,17,14,16,13,9,92,80,67,30.34,30.24,30.05,10,4,2,18,10,24,0.02,8,Snow,306
2011-1-14,26,20,13,16,12,10,88,80,71,30.35,30.31,30.25,10,8,2,8,2,9,T,7,Snow,239
2011-1-15,31,19,7,27,19,4,88,81,74,30.24,29.88,29.73,10,5,0,25,12,31,0.06,8,Fog-Snow,205
2011-1-16,26,18,9,22,16,1,96,79,61,30.31,30.04,29.87,10,3,0,24,13,31,0.24,7,Fog-Snow,308
2011-1-17,16,6,-4,4,-1,-6,87,69,51,30.40,30.28,30.09,10,10,5,14,8,20,T,6,Snow,93
2011-1-18,31,24,16,30,20,6,100,80,59,30.07,29.87,29.68,10,8,2,15,7,17,0.05,8,Rain-Snow,100
2011-1-19,31,26,20,30,22,16,100,91,81,29.99,29.80,29.66,9,4,2,14,7,16,0.06,8,Snow,317
2011-1-20,25,21,16,19,14,10,91,73,55,30.07,29.93,29.72,10,6,1,22,10,26,0.05,8,Snow,265
2011-1-21,23,18,12,18,14,4,92,77,62,29.88,29.66,29.60,9,3,0,31,14,37,0.13,8,Fog-Snow,282
2011-1-22,19,14,9,9,6,2,83,66,49,29.96,29.89,29.82,10,5,1,21,8,26,0.02,7,Snow,268
2011-1-23,14,5,-5,9,-1,-9,86,75,63,30.40,30.08,29.81,10,7,2,18,7,22,T,6,Snow,326
2011-1-24,10,-1,-13,4,-8,-21,92,74,55,30.50,30.36,30.17,10,8,1,13,6,15,0.07,6,Snow,107
2011-1-25,31,20,8,27,15,5,92,84,75,30.14,30.09,30.05,10,5,1,9,3,12,0.07,8,Snow,115
2011-1-26,35,30,25,26,24,23,92,78,64,30.06,29.92,29.75,10,7,2,10,3,13,T,8,Snow,50
2011-1-27,30,26,22,27,25,21,96,90,84,29.83,29.80,29.75,10,5,0,13,7,16,0.02,8,Fog-Snow,294
2011-1-28,32,27,21,27,24,20,96,86,75,29.83,29.78,29.74,10,4,2,17,3,21,0.02,8,Fog-Snow,220
2011-1-29,30,27,24,21,19,13,81,66,50,30.00,29.90,29.83,10,9,5,15,6,17,T,8,Snow,283
2011-1-30,27,23,19,21,18,14,92,83,74,30.33,30.13,29.99,10,5,1,21,7,30,0.01,7,Snow,311
2011-1-31,19,10,0,14,-3,-14,77,53,28,30.59,30.49,30.34,10,9,2,15,3,18,T,6,Snow,5
2011-2-1,20,15,9,16,11,-4,92,72,52,30.40,30.28,30.16,10,6,0,12,6,15,0.28,8,Fog-Snow,93
2011-2-2,32,24,16,27,19,13,92,87,81,30.12,29.82,29.58,10,5,0,28,11,33,2.10,8,Fog-Rain-Snow,25
2011-2-3,26,17,7,16,12,4,88,72,55,30.37,30.28,30.08,10,7,2,16,8,17,T,5,Snow,291
2011-2-4,30,19,8,10,5,2,73,54,35,30.25,30.11,29.97,10,10,10,20,8,26,0.00,3,,239
2011-2-5,32,18,4,30,21,0,100,77,53,29.96,29.58,29.31,10,5,0,16,5,18,0.66,7,Fog-Rain-Snow,90
2011-2-6,33,31,28,29,26,24,92,84,75,30.01,29.86,29.57,10,8,2,14,6,14,0.04,8,Snow,281
2011-2-7,36,33,30,32,30,26,100,89,78,29.99,29.85,29.66,9,4,0,8,3,8,0.18,8,Snow,136
2011-2-8,32,22,12,31,13,6,92,83,73,30.13,29.86,29.62,9,2,0,29,16,40,0.14,8,Fog-Snow,300
2011-2-9,28,14,0,6,2,-3,87,62,36,30.15,30.04,29.95,10,10,9,24,11,30,0.00,5,,261
2011-2-10,18,10,2,7,1,-3,79,63,47,30.09,30.03,29.96,10,10,9,22,12,25,0.00,3,,276
2011-2-11,24,8,-9,6,0,-10,91,68,45,30.10,30.04,29.89,10,10,10,17,4,25,0.00,4,,188
2011-2-12,31,21,10,27,19,7,92,69,46,30.05,29.83,29.72,10,5,0,25,14,36,0.08,8,Fog-Snow,280
2011-2-13,44,31,18,30,21,9,84,69,53,30.03,29.81,29.57,10,8,1,22,10,30,0.01,7,Rain-Snow,219
2011-2-14,48,36,23,36,30,19,100,73,45,30.08,29.62,29.31,10,6,1,32,17,45,0.15,7,Rain-Snow,304
2011-2-15,23,16,9,18,10,5,92,80,67,30.48,30.39,30.13,10,10,9,22,8,29,T,3,Snow,351
2011-2-16,41,27,12,30,19,7,80,67,54,30.32,30.14,30.06,10,10,10,15,5,18,T,7,,137
2011-2-17,51,38,25,39,31,22,88,72,56,30.09,29.99,29.81,10,10,9,14,3,17,0.01,6,Rain,129
2011-2-18,55,47,38,44,31,19,80,56,31,29.76,29.66,29.63,10,10,10,43,19,55,T,6,Rain,260
2011-2-19,39,28,16,27,18,6,92,74,56,30.24,29.85,29.65,10,2,0,38,20,47,0.08,8,Snow,323
2011-2-20,27,20,13,18,10,4,74,65,55,30.37,30.22,29.97,10,9,2,21,6,26,0.01,7,Snow,7
2011-2-21,22,17,11,18,9,-7,91,67,42,30.11,29.97,29.89,10,7,2,17,9,22,0.04,8,Snow,17
2011-2-22,20,13,6,6,0,-8,76,61,46,30.37,30.26,30.10,10,10,10,13,7,16,0.00,2,,330
2011-2-23,33,18,2,5,1,-3,87,55,23,30.43,30.35,30.24,10,10,9,6,1,7,0.00,0,,132
2011-2-24,37,25,12,30,19,1,82,66,50,30.22,30.04,29.91,10,9,2,13,4,15,T,7,Snow,123
2011-2-25,33,28,22,31,27,17,100,89,78,30.06,29.72,29.48,10,3,0,24,11,30,0.44,8,Fog-Rain-Snow,5
2011-2-26,30,25,19,25,19,12,92,80,68,30.17,30.07,29.90,10,6,1,22,8,25,0.07,8,Snow,246
2011-2-27,39,33,26,28,26,23,100,77,54,30.00,29.92,29.84,10,7,2,14,6,18,0.08,7,Snow,201
2011-2-28,46,39,31,39,31,22,100,81,62,30.03,29.70,29.39,10,9,2,36,14,46,0.38,8,Rain-Snow,286
2011-3-1,36,28,20,21,12,3,72,52,32,30.35,30.21,30.02,10,10,9,20,8,28,T,5,Snow,322
2011-3-2,38,27,16,28,17,-1,70,55,40,30.51,30.13,29.92,10,7,1,35,18,45,T,7,Snow,308
2011-3-3,25,15,5,2,-3,-7,69,50,30,30.73,30.65,30.54,10,10,10,12,3,14,0.00,5,,112
2011-3-4,41,30,18,24,13,2,52,45,37,30.59,30.43,30.30,10,10,10,22,11,29,T,7,Rain,159
2011-3-5,53,46,39,43,37,27,76,64,51,30.30,30.07,29.87,10,10,7,28,14,36,0.12,8,Rain,193
2011-3-6,53,38,22,46,30,19,96,81,66,30.10,29.98,29.78,10,4,0,26,14,37,0.91,8,Fog-Rain-Snow,331
2011-3-7,30,22,14,19,16,12,92,75,58,30.40,30.17,29.96,10,7,0,18,11,28,0.44,5,Fog-Snow,335
2011-3-8,39,25,11,18,13,10,96,66,35,30.58,30.52,30.41,10,10,9,12,5,15,0.00,4,Fog,118
2011-3-9,41,32,23,29,19,9,63,51,38,30.53,30.37,30.17,10,10,10,26,14,38,T,8,Rain-Snow,127
2011-3-10,42,38,34,40,36,30,100,88,76,30.17,29.96,29.64,10,10,7,26,15,32,0.41,8,Rain,106
2011-3-11,43,39,34,43,34,26,100,77,53,29.78,29.67,29.55,10,10,7,25,12,33,0.07,8,Rain-Snow,192
2011-3-12,44,39,33,35,31,28,92,75,57,29.78,29.75,29.70,10,7,2,29,10,35,0.02,8,Rain-Snow,266
2011-3-13,40,36,31,36,30,28,100,88,75,30.26,30.04,29.79,10,8,2,24,13,30,0.02,8,Rain-Snow,303
2011-3-14,41,35,28,29,24,19,85,67,48,30.45,30.35,30.25,10,10,7,14,6,20,T,7,Snow,329
2011-3-15,50,36,22,30,23,20,96,65,34,30.46,30.34,30.17,10,10,10,20,6,26,0.03,5,,148
2011-3-16,47,42,37,41,37,34,86,78,70,30.18,30.06,29.98,10,10,7,18,8,23,0.12,8,Rain,240
2011-3-17,61,44,27,39,35,27,100,71,42,30.17,30.05,29.83,10,9,6,24,7,32,0.00,5,Fog,224
2011-3-18,61,50,39,45,36,31,70,56,41,30.04,29.87,29.68,10,10,10,32,17,43,T,7,Rain,297
2011-3-19,39,33,27,36,25,17,92,66,40,30.57,30.29,30.06,10,10,8,22,10,30,T,6,Rain-Snow,339
2011-3-20,45,34,22,23,20,18,88,62,36,30.66,30.54,30.30,10,10,10,15,5,18,0.00,4,,108
2011-3-21,45,41,37,43,37,20,92,68,44,30.28,29.93,29.81,10,7,1,22,12,30,0.37,8,Rain,254
2011-12-21,54,43,32,46,40,25,96,83,69,30.00,29.76,29.58,10,5,2,30,6,38,0.43,8,Rain,128
2011-12-22,47,44,41,41,39,36,89,80,71,30.07,30.02,29.80,10,9,3,25,7,37,0.13,8,Rain,295
2011-12-23,41,32,23,37,28,18,92,81,69,30.30,30.13,29.95,10,6,0,23,9,28,0.33,8,Rain-Snow,335
2011-12-24,26,22,18,16,14,10,81,72,62,30.49,30.41,30.29,10,10,9,10,4,13,T,6,Snow,45
2011-12-25,43,32,21,34,25,16,85,69,53,30.28,30.01,29.87,10,10,7,22,9,26,T,7,Rain-Snow,223
2011-12-26,39,34,28,33,27,22,92,76,59,30.25,30.13,29.90,10,9,4,20,5,26,0.05,6,Rain-Snow,299
2011-12-27,44,36,28,37,31,22,92,71,49,30.05,29.56,29.25,10,9,5,18,8,24,0.26,7,Rain,135
2011-12-28,41,31,20,36,21,12,86,74,62,29.93,29.65,29.29,10,4,0,33,19,44,0.09,8,Rain-Snow,296
2011-12-29,29,24,18,19,14,11,80,65,50,30.01,29.96,29.90,10,6,2,17,9,18,0.01,8,Snow,290
2011-12-30,39,32,25,29,25,19,88,76,64,29.94,29.89,29.81,10,8,2,13,7,18,0.04,8,Rain-Snow,105
2011-12-31,45,40,35,40,36,29,92,81,70,30.07,29.89,29.77,10,7,4,15,5,21,0.02,8,Fog-Rain-Snow,4
2012-1-1,52,45,38,40,36,27,92,73,54,30.05,29.81,29.55,10,8,3,38,12,49,0.08,8,Rain,216
2012-1-2,41,32,23,31,22,15,84,64,44,29.82,29.73,29.61,10,5,0,33,18,38,0.06,7,Fog-Rain-Snow,302
2012-1-3,23,17,10,18,8,0,84,74,64,30.23,30.03,29.82,10,3,0,18,9,31,0.08,8,Snow,346
2012-1-4,30,19,8,17,6,0,73,60,46,30.23,30.07,29.83,10,8,2,15,7,21,0.01,8,Snow,233
2012-1-5,34,31,28,27,22,16,75,65,54,29.90,29.85,29.79,10,8,2,25,11,32,0.01,8,Snow,274
2012-1-6,51,40,29,31,27,23,78,60,42,29.81,29.69,29.62,10,10,10,14,4,17,0.00,7,,186
2012-1-7,53,44,35,35,30,25,82,64,46,30.01,29.78,29.64,10,10,9,25,9,32,T,7,,292
2012-1-8,39,31,23,28,22,16,78,65,52,30.35,30.23,30.04,10,9,4,23,8,29,T,6,Snow,315
2012-1-9,45,35,24,21,18,12,81,54,27,30.30,30.10,29.84,10,10,10,20,8,25,0.00,6,,208
2012-1-10,43,40,36,32,26,21,70,59,48,30.00,29.89,29.77,10,10,10,23,10,29,T,8,Rain,292
2012-1-11,49,37,25,33,26,23,85,64,42,30.02,29.91,29.75,10,10,6,17,7,22,0.05,5,Rain,131
2012-1-12,43,40,36,38,34,30,92,86,79,29.73,29.50,29.35,10,8,4,21,11,29,0.67,8,Rain,106
2012-1-13,44,34,23,39,24,18,92,81,69,29.70,29.40,29.19,10,2,0,35,18,41,0.82,8,Rain-Snow,276
2012-1-14,27,15,3,20,11,-4,81,74,67,30.25,29.97,29.73,10,4,1,25,10,31,0.04,8,Snow,341
2012-1-15,15,5,-5,3,-3,-10,83,71,58,30.60,30.48,30.27,10,10,10,10,2,14,T,1,,58
2012-1-16,38,19,-1,29,12,-7,80,62,43,30.58,30.20,29.94,10,8,2,21,8,28,0.05,6,Snow,162
2012-1-17,50,43,35,41,34,26,92,75,57,29.94,29.62,29.32,10,6,1,49,12,62,0.41,8,Rain-Snow,134
2012-1-18,38,27,16,24,14,8,68,63,57,30.20,30.01,29.63,10,8,2,39,15,49,T,7,Rain-Snow,323
2012-1-19,31,22,12,23,14,6,76,58,39,30.17,29.94,29.81,10,7,0,30,14,37,0.02,6,Snow,206
2012-1-20,25,21,17,12,7,1,74,57,39,30.31,30.19,29.96,10,7,2,25,12,32,T,6,Snow,302
2012-1-21,26,19,11,12,10,4,80,65,49,30.38,30.19,30.11,10,6,1,15,6,17,0.17,5,Snow,99
2012-1-22,34,20,5,24,10,0,83,62,41,30.47,30.37,30.22,10,10,10,16,7,21,0.00,4,,120
2012-1-23,51,42,33,43,37,26,80,73,65,30.22,29.90,29.70,10,10,10,22,10,33,0.01,8,Rain,168
2012-1-24,50,42,34,41,32,25,89,80,70,30.17,29.99,29.77,10,7,2,21,10,26,0.03,8,Rain-Snow,296
2012-1-25,35,33,31,25,23,22,72,67,61,30.34,30.27,30.19,10,9,2,23,10,31,T,8,Snow,281
2012-1-26,35,33,30,32,29,27,89,82,75,30.22,30.01,29.67,9,4,2,15,8,18,0.16,8,Rain-Snow,110
2012-1-27,45,40,35,43,35,26,92,81,70,29.90,29.49,29.31,10,7,2,30,13,40,0.96,8,Rain-Snow,3
2012-1-28,44,38,32,31,26,20,75,62,49,29.96,29.88,29.73,10,9,3,41,14,51,0.01,6,Rain-Snow,249
2012-1-29,40,35,30,29,22,16,85,65,44,30.04,29.97,29.91,10,8,1,28,11,35,0.03,6,Snow,262
2012-1-30,33,29,25,28,22,14,92,71,49,30.25,30.13,29.93,10,5,0,24,10,30,0.21,8,Snow,295
2012-1-31,56,42,28,36,30,22,78,60,41,30.07,29.95,29.83,10,10,10,17,7,21,0.00,8,,176
2012-2-1,56,48,39,46,36,28,86,65,43,30.07,29.90,29.78,10,9,2,28,13,36,0.17,8,Rain,286
2012-2-2,39,32,24,29,23,16,75,68,61,30.38,30.18,30.05,10,10,9,14,8,17,0.00,7,,344
2012-2-3,37,30,22,30,25,16,88,74,59,30.48,30.41,30.32,10,10,9,15,6,17,T,7,Rain-Snow,287
2012-2-4,39,30,21,30,26,17,84,66,48,30.32,30.27,30.19,10,9,6,13,6,16,0.01,6,Snow,324
2012-2-5,37,29,20,23,18,14,84,62,40,30.24,30.18,30.12,10,10,9,10,4,15,T,4,Snow,272
2012-2-6,53,42,31,27,23,20,72,50,28,30.12,29.99,29.90,10,10,10,22,11,29,0.00,2,,277
2012-2-7,41,32,22,30,25,16,75,66,56,30.32,30.12,29.97,10,10,9,15,7,18,T,7,Rain-Snow,325
2012-2-8,34,26,18,20,17,12,84,66,47,30.31,30.22,30.11,10,10,10,14,5,16,0.00,6,,274
2012-2-9,44,34,24,21,18,16,75,55,34,30.14,30.10,30.06,10,10,10,16,8,20,0.00,3,,278
2012-2-10,38,29,20,27,20,16,85,65,44,30.10,29.99,29.90,10,8,1,16,4,26,0.01,6,Snow,272
2012-2-11,30,22,13,27,18,1,92,75,58,29.94,29.82,29.75,10,4,1,20,6,25,0.01,7,Snow,346
2012-2-12,25,19,13,19,10,0,84,70,55,29.93,29.89,29.85,10,4,1,23,7,29,0.08,8,Snow,316
2012-2-13,38,32,25,22,18,9,81,60,39,29.99,29.93,29.88,10,10,8,26,17,33,T,5,Snow,282
2012-2-14,40,35,29,30,21,12,89,63,37,30.02,30.00,29.95,10,9,4,12,5,14,T,8,Fog-Snow,191
2012-2-15,40,34,27,34,30,23,89,74,59,30.27,30.17,30.01,10,8,4,17,5,21,T,7,Rain-Snow,274
2012-2-16,42,34,26,37,32,22,85,80,75,30.25,30.05,29.89,10,9,6,13,6,16,0.28,7,Rain,160
2012-2-17,45,38,31,37,30,22,89,66,43,30.04,29.98,29.91,10,8,1,22,12,29,0.04,7,Snow,291
2012-2-18,42,33,24,31,28,20,92,76,59,30.11,29.96,29.83,10,7,0,25,8,35,0.08,7,Fog-Rain-Snow,292
2012-2-19,34,30,26,30,25,21,92,81,69,30.14,30.11,30.08,10,7,1,13,5,16,0.02,7,Snow,334
2012-2-20,36,29,21,21,16,10,81,62,43,30.35,30.26,30.11,10,10,9,13,6,20,T,2,Snow,352
2012-2-21,43,31,19,32,20,14,77,55,33,30.35,30.00,29.69,10,10,10,28,10,35,T,7,Rain-Snow,169
2012-2-22,52,45,37,38,34,28,92,69,46,29.67,29.53,29.40,10,9,6,26,10,35,0.06,7,Rain,306
2012-2-23,46,38,29,34,30,26,96,73,49,29.75,29.53,29.41,10,7,1,21,7,26,0.11,8,Snow,293
2012-2-24,42,36,30,37,30,24,92,84,75,29.71,29.44,29.26,10,8,2,39,12,49,0.15,8,Rain-Snow,126
2012-2-25,37,33,28,28,25,12,92,75,58,30.12,29.57,29.31,10,4,0,37,23,48,0.15,8,Fog-Snow,297
2012-2-26,32,24,16,15,12,9,67,55,43,30.44,30.37,30.17,10,10,9,17,7,22,T,4,Snow,317
2012-2-27,50,37,23,27,21,15,69,53,36,30.32,30.15,29.98,10,10,9,39,11,49,T,7,Snow,118
2012-2-28,36,33,30,27,21,17,75,61,47,30.47,30.38,30.23,10,9,4,23,11,36,T,7,Snow,316
2012-2-29,34,32,30,34,27,19,100,81,61,30.35,30.02,29.67,10,6,1,21,12,25,0.13,8,Rain-Snow,91
2012-3-1,38,36,33,36,33,31,100,93,85,29.92,29.74,29.54,10,6,1,22,6,26,0.41,8,Rain-Snow,95
2012-3-2,49,41,32,36,33,30,92,73,53,29.98,29.88,29.52,10,7,2,20,9,27,0.16,7,Rain,154
2012-3-3,52,45,38,41,29,18,82,57,32,29.55,29.45,29.32,10,10,10,28,19,46,T,6,,234
2012-3-4,39,31,23,28,22,16,92,70,48,29.81,29.67,29.55,10,6,0,17,12,25,0.07,7,Snow,285
2012-3-5,25,20,15,15,12,8,84,69,54,30.42,30.12,29.83,10,6,1,17,10,25,0.03,6,Snow,299
2012-3-6,43,32,20,19,17,12,74,45,16,30.59,30.48,30.34,10,10,7,13,6,20,T,6,Snow,191
2012-3-7,68,51,33,30,26,19,54,35,24,30.32,30.21,30.08,10,10,10,23,13,30,0.00,5,,204
2012-3-8,62,48,33,50,38,31,96,65,33,30.08,29.89,29.72,10,8,2,29,17,39,0.40,8,Rain-Snow,266
2012-3-9,37,31,25,32,26,15,96,75,53,30.29,30.13,29.99,10,4,0,32,13,43,0.11,7,Fog-Snow,291
2012-3-10,32,27,22,21,19,14,88,71,54,30.56,30.42,30.28,10,6,1,25,10,33,0.02,7,Snow,291
2012-3-11,66,45,24,31,25,18,81,53,24,30.35,30.28,30.22,10,10,10,22,6,26,0.00,1,,230
2012-3-12,68,50,32,36,32,28,82,54,26,30.26,30.16,29.96,10,10,10,21,6,36,0.00,6,,139
2012-3-13,68,58,48,55,46,36,86,63,39,30.00,29.91,29.85,10,10,8,25,12,32,0.01,6,Rain,269
2012-3-14,60,49,38,39,31,20,85,53,20,30.19,30.13,30.01,10,10,10,21,9,28,0.00,1,,302
2012-3-15,64,50,36,45,36,28,86,66,46,30.20,30.14,30.07,10,10,10,24,9,29,T,4,Rain-Thunderstorm,106
2012-3-16,62,54,45,55,48,41,100,90,80,30.24,30.10,30.02,10,5,1,15,5,17,0.49,8,Rain-Thunderstorm,58
2012-3-17,68,57,46,48,46,44,100,74,48,30.32,30.25,30.19,10,8,2,10,4,14,0.00,6,,109
2012-3-18,80,61,41,59,49,40,89,63,36,30.22,30.15,30.07,10,10,9,17,4,20,T,3,Rain,119
2012-3-19,79,66,53,58,55,52,93,69,45,30.18,30.13,30.09,10,10,7,14,2,17,T,7,Rain-Thunderstorm,145
2012-3-20,79,65,51,57,53,50,100,72,43,30.25,30.20,30.16,10,10,6,12,4,20,0.00,3,Fog,184
2012-3-21,81,65,49,55,51,46,96,68,39,30.30,30.23,30.16,10,10,10,13,3,18,0.00,1,,118
2012-12-21,39,36,33,34,32,30,92,86,79,29.50,29.22,29.13,10,7,1,23,13,29,0.82,8,Rain-Snow,247
2012-12-22,34,31,27,30,24,21,89,75,61,29.85,29.52,29.21,9,2,0,33,21,45,0.34,8,Fog-Snow,281
2012-12-23,36,33,30,27,25,22,85,71,56,29.95,29.85,29.78,10,5,0,22,13,28,0.23,8,Fog-Snow,257
2012-12-24,37,32,27,23,21,19,69,61,52,30.06,29.99,29.91,10,9,0,23,8,31,0.02,8,Fog-Snow,127
2012-12-25,29,21,12,25,21,9,92,75,58,30.36,30.09,29.90,10,7,0,14,6,16,0.17,6,Fog-Snow,2
2012-12-26,29,20,10,25,15,7,92,75,58,30.38,30.11,29.74,10,6,0,22,7,28,0.52,7,Snow,70
2012-12-27,29,24,19,27,20,15,92,84,75,29.98,29.76,29.67,10,3,0,21,11,26,1.45,8,Fog-Snow,301
2012-12-28,29,27,25,23,22,21,88,82,75,30.12,30.06,29.97,10,9,4,16,9,20,T,8,Snow,252
2012-12-29,30,28,25,25,23,16,88,82,75,30.03,29.78,29.64,10,4,1,15,5,18,0.30,8,Snow,37
2012-12-30,26,22,18,20,16,12,84,71,57,30.22,29.98,29.78,10,5,1,25,11,33,0.04,7,Snow,295
2012-12-31,36,31,26,25,21,18,75,64,52,30.15,29.98,29.82,10,10,9,22,12,26,T,8,Snow,233
2013-1-1,35,26,17,28,16,7,75,65,54,30.03,29.93,29.81,10,8,2,21,12,26,0.02,7,Snow,293
2013-1-2,25,17,8,19,10,-4,81,67,53,30.26,30.07,29.95,10,7,1,25,11,31,0.02,8,Snow,278
2013-1-3,30,15,0,23,7,-9,84,73,62,30.25,30.07,29.97,10,5,1,23,7,30,0.02,8,Snow,113
2013-1-4,35,32,28,24,21,18,72,64,56,29.98,29.94,29.88,10,10,9,28,16,36,T,8,Snow,250
2013-1-5,34,31,28,25,22,19,75,66,56,30.28,30.16,29.99,10,10,9,25,10,33,T,7,Snow,240
2013-1-6,39,34,29,31,27,21,82,71,59,30.09,29.98,29.89,10,8,2,18,10,23,0.03,8,Rain-Snow,217
2013-1-7,36,26,16,30,20,13,85,74,63,30.41,30.28,30.02,10,9,5,16,7,21,0.01,6,Snow,312
2013-1-8,40,26,12,25,17,7,88,68,48,30.35,30.29,30.20,10,9,7,10,2,13,0.00,5,,98
2013-1-9,48,32,15,32,23,11,88,71,53,30.31,30.15,29.95,10,9,6,31,11,40,T,5,Rain,195
2013-1-10,41,34,27,27,24,22,78,66,54,30.57,30.50,30.31,10,10,10,28,8,39,0.00,5,,295
2013-1-11,43,35,27,36,28,21,81,68,55,30.47,30.16,30.00,10,9,2,18,8,25,0.19,8,Rain,104
2013-1-12,50,43,36,42,37,33,92,82,71,30.06,30.03,30.01,10,8,3,10,5,12,0.00,7,,87
2013-1-13,60,49,37,50,44,36,92,80,67,30.04,29.91,29.81,10,8,2,21,8,25,T,7,Rain,125
2013-1-14,55,44,32,48,31,18,83,67,51,30.37,30.14,29.74,10,10,10,29,12,38,T,8,Rain,287
2013-1-15,35,32,29,24,21,19,72,66,59,30.39,30.32,30.21,10,10,6,13,5,14,T,8,Snow,269
2013-1-16,36,32,28,28,25,22,85,75,64,30.18,29.94,29.79,10,8,1,16,5,22,0.02,7,Snow,83
2013-1-17,37,29,20,27,17,7,75,61,46,30.18,30.06,29.86,10,8,2,24,10,32,T,8,Rain-Snow,298
2013-1-18,30,22,14,14,9,0,80,63,46,30.42,30.31,30.13,10,7,0,17,6,22,0.06,7,Snow,181
2013-1-19,50,40,30,26,19,12,55,43,31,30.08,29.91,29.63,10,10,10,28,13,35,0.00,7,,195
2013-1-20,48,35,21,34,18,7,55,43,31,30.05,29.75,29.44,10,10,9,40,21,58,T,6,Rain-Snow,256
2013-1-21,23,20,17,16,12,7,77,67,56,30.04,29.92,29.82,10,5,0,26,7,36,0.07,7,Snow,275
2013-1-22,17,13,8,12,1,-4,80,64,48,30.17,30.01,29.84,10,6,0,32,19,39,0.05,7,Snow,270
2013-1-23,8,2,-4,2,-5,-10,87,71,55,30.26,30.19,30.14,10,5,1,13,4,15,0.03,7,Snow,11
2013-1-24,13,3,-7,7,-2,-13,78,67,55,30.47,30.35,30.16,10,7,2,23,9,28,T,6,Snow,271
2013-1-25,16,10,4,7,2,-3,80,69,58,30.47,30.28,30.10,10,8,2,9,3,12,0.02,8,Snow,14
2013-1-26,19,9,-2,12,2,-7,80,67,54,30.38,30.25,30.10,10,9,2,12,3,14,0.01,5,Snow,265
2013-1-27,24,16,7,13,8,3,80,65,50,30.57,30.48,30.36,10,9,2,12,4,14,T,6,Snow,317
2013-1-28,32,26,19,30,22,8,92,77,62,30.41,30.05,29.90,10,4,0,13,6,16,0.29,8,Fog-Rain-Snow,73
2013-1-29,47,40,32,44,33,30,96,93,89,30.09,29.98,29.84,6,3,2,18,4,20,0.30,8,Rain,72
2013-1-30,63,52,40,52,48,44,93,80,67,29.80,29.45,29.10,10,10,7,31,15,41,0.26,8,Rain,156
2013-1-31,57,41,24,51,24,10,86,66,46,29.66,29.32,28.96,10,9,4,38,23,52,0.31,8,Rain-Snow,250
2013-2-1,25,22,19,16,14,9,84,70,55,30.19,29.94,29.68,10,2,0,28,14,36,0.30,8,Fog-Snow,280
2013-2-2,21,17,12,16,10,5,84,70,56,30.19,30.10,30.00,10,7,1,16,7,21,0.10,7,Snow,195
2013-2-3,27,14,1,17,9,-2,88,72,55,29.98,29.88,29.79,10,9,5,14,4,18,T,5,Snow,119
2013-2-4,21,16,11,14,12,8,92,77,62,29.95,29.90,29.82,10,4,0,22,9,29,0.11,8,Snow,281
2013-2-5,24,15,5,13,9,4,88,69,49,30.01,29.93,29.87,10,8,2,10,3,13,T,7,Snow,56
2013-2-6,28,19,9,23,15,4,75,61,46,30.40,30.09,29.88,10,6,1,26,11,35,T,6,Snow,270
2013-2-7,28,17,5,10,7,1,83,63,42,30.50,30.38,30.20,10,10,10,18,9,23,0.00,7,,77
2013-2-8,30,27,23,25,21,11,92,74,55,30.17,29.92,29.80,10,3,0,22,13,29,0.52,8,Fog-Snow,70
2013-2-9,23,15,7,16,9,4,84,73,62,30.42,30.23,29.95,10,6,1,22,11,30,0.08,6,Snow,306
2013-2-10,33,19,5,15,10,2,84,64,43,30.47,30.33,30.08,10,10,9,15,7,20,0.00,6,,80
2013-2-11,47,37,27,36,28,11,82,63,44,30.07,29.77,29.60,10,9,6,24,12,30,0.10,8,Rain-Snow,202
2013-2-12,37,35,32,28,26,22,82,71,59,29.95,29.82,29.70,10,6,1,29,18,39,T,8,Snow,253
2013-2-13,40,32,23,24,20,17,75,60,44,29.90,29.81,29.73,10,10,9,14,4,15,T,7,Snow,247
2013-2-14,40,32,24,32,24,18,82,66,50,29.94,29.87,29.79,10,9,6,16,6,21,0.03,8,Rain-Snow,217
2013-2-15,40,34,27,31,25,19,70,60,50,30.03,29.91,29.78,10,10,9,23,11,30,T,7,Rain-Snow,252
2013-2-16,30,24,18,20,14,6,81,60,39,30.05,30.01,29.91,10,8,2,14,7,17,0.02,7,Snow,311
2013-2-17,19,16,12,9,7,1,80,67,54,30.11,29.96,29.88,10,5,0,25,12,31,0.03,7,Snow,296
2013-2-18,28,20,12,10,7,3,76,61,46,30.29,30.20,30.04,10,8,2,17,7,23,0.01,6,Snow,275
2013-2-19,42,31,20,32,21,9,82,63,44,30.02,29.74,29.59,10,9,4,24,11,31,0.12,7,Rain-Snow,133
2013-2-20,29,26,22,19,14,10,81,66,50,29.98,29.85,29.75,10,7,2,33,21,41,T,8,Snow,254
2013-2-21,22,18,14,16,11,6,84,76,67,30.42,30.17,29.96,10,3,1,26,12,31,0.04,8,Snow,282
2013-2-22,37,26,15,27,19,10,88,72,56,30.42,30.29,30.09,10,10,2,21,8,25,T,8,Snow,102
2013-2-23,37,36,34,34,30,23,96,76,56,30.08,29.95,29.87,10,8,2,14,4,18,0.09,8,Rain-Snow,77
2013-2-24,34,32,29,27,26,22,85,73,61,30.01,29.91,29.85,10,5,0,16,8,20,0.09,8,Fog-Rain-Snow,259
2013-2-25,38,31,24,29,26,20,85,70,54,30.25,30.15,30.01,10,8,3,15,7,17,T,7,Snow,278
2013-2-26,44,32,19,28,23,16,91,70,49,30.26,30.13,29.91,10,9,6,21,10,26,0.11,5,Rain,91
2013-2-27,39,36,33,34,31,28,92,81,70,29.92,29.68,29.55,10,7,1,28,12,36,0.90,8,Rain-Snow,89
2013-2-28,40,37,34,34,31,30,96,83,70,29.67,29.59,29.54,10,9,2,14,5,18,0.06,8,Rain-Snow,247
2013-3-1,34,31,28,30,27,21,89,79,69,29.88,29.77,29.67,9,8,3,17,11,23,T,8,Snow,305
2013-3-2,28,26,23,22,18,14,81,75,68,29.89,29.87,29.85,9,8,4,15,9,23,0.01,8,Snow,314
2013-3-3,26,23,20,19,16,12,84,74,63,29.86,29.84,29.81,9,6,1,17,9,22,0.02,8,Snow,305
2013-3-4,30,27,24,22,19,18,81,72,63,30.00,29.92,29.84,10,6,2,23,15,30,0.01,8,Snow,270
2013-3-5,34,28,21,22,20,17,84,73,61,30.09,30.05,30.00,10,10,8,15,4,18,T,6,Snow,277
2013-3-6,44,34,23,28,24,18,81,66,51,30.12,30.06,29.99,10,10,10,15,7,21,T,8,,68
2013-3-7,40,35,29,25,22,19,85,67,48,30.23,30.18,30.12,10,8,1,17,7,21,0.03,8,Snow,341
2013-3-8,38,33,27,25,23,21,85,69,52,30.38,30.28,30.21,10,6,1,21,10,28,0.09,6,Snow,312
2013-3-9,48,36,24,29,24,19,92,63,34,30.41,30.35,30.27,10,7,0,8,3,13,0.00,4,Fog,261
2013-3-10,60,44,27,25,22,19,75,49,23,30.26,30.15,30.05,10,10,10,20,9,28,0.00,5,,119
2013-3-11,56,51,45,40,29,24,59,46,32,30.05,29.93,29.75,10,10,10,29,12,41,T,7,,136
2013-3-12,56,46,35,47,37,28,92,77,61,29.90,29.81,29.73,10,7,2,21,10,30,0.35,8,Rain,299
2013-3-13,43,35,27,29,25,16,81,65,48,29.91,29.86,29.81,10,8,0,21,11,18,0.04,8,Fog-Snow,262
2013-3-14,31,26,20,22,13,7,78,58,37,30.01,29.96,29.89,10,6,1,29,20,43,0.04,7,Snow,300
2013-3-15,37,31,24,32,23,11,85,68,51,30.01,29.80,29.68,10,7,1,20,12,,0.05,8,Snow,266
2013-3-16,31,26,20,20,13,10,63,54,38,29.97,29.87,29.71,10,10,9,13,6,16,T,6,Snow,343
2013-3-17,34,26,18,19,13,7,84,55,8,30.35,30.15,29.97,10,9,1,18,8,25,0.02,5,Snow,302
2013-3-18,36,25,14,27,16,9,89,62,34,30.41,30.19,29.88,10,7,0,18,10,24,0.31,6,Fog-Snow,109
2013-3-19,42,35,27,35,28,18,92,81,48,29.86,29.76,29.67,10,5,0,28,9,33,0.48,8,Fog-Snow,78
2013-3-20,35,33,30,28,20,17,75,63,51,29.82,29.80,29.78,10,9,2,26,15,31,T,7,Snow,275
2013-3-21,32,27,21,30,17,12,85,60,45,29.81,29.75,29.71,10,10,8,18,11,28,T,4,Snow,260
2013-12-21,56,45,33,52,45,32,100,89,77,29.86,29.80,29.77,10,5,0,16,8,21,0.63,8,Rain,271
2013-12-22,45,39,33,41,36,32,100,93,85,29.99,29.75,29.58,10,9,6,21,5,26,0.11,8,Rain,320
2013-12-23,41,34,27,39,33,23,100,93,85,30.25,30.11,29.98,10,6,1,16,7,21,0.12,8,Rain-Snow,305
2013-12-24,27,21,14,22,16,10,92,83,73,30.45,30.28,30.19,10,5,0,24,8,29,0.05,8,Fog-Snow,305
2013-12-25,22,10,-2,14,6,-3,96,82,67,30.56,30.46,30.28,10,9,2,14,4,17,T,6,Snow,28
2013-12-26,33,28,22,28,21,13,96,80,63,30.26,30.16,30.07,10,4,1,21,10,26,0.12,7,Snow,184
2013-12-27,32,27,21,27,22,14,92,77,62,30.27,30.24,30.14,10,8,3,23,10,31,T,7,Snow,227
2013-12-28,42,31,19,32,28,20,96,78,59,30.10,30.05,29.96,10,9,5,17,6,25,0.00,5,,208
2013-12-29,43,35,27,37,32,26,100,82,64,29.95,29.76,29.64,10,7,2,15,4,22,0.40,7,Rain,133
2013-12-30,38,26,14,34,15,10,88,78,67,30.22,30.08,29.69,10,5,0,24,12,31,T,8,Rain-Snow,287
2013-12-31,25,19,13,21,12,2,92,71,49,30.22,30.08,29.95,10,7,0,35,12,45,0.02,8,Fog-Snow,243
2014-1-1,20,17,13,13,8,5,80,68,56,30.39,30.34,30.22,10,8,2,22,10,28,0.01,8,Snow,337
2014-1-2,13,6,-2,9,6,-6,92,84,76,30.32,30.14,29.94,3,1,0,14,7,16,0.51,8,Fog-Snow,31
2014-1-3,7,0,-8,0,-8,-15,86,74,62,30.45,30.22,29.95,10,7,2,14,7,20,0.02,6,Snow,305
2014-1-4,32,14,-4,9,2,-8,79,57,35,30.39,30.20,30.08,10,10,10,18,8,22,0.00,6,,138
2014-1-5,46,33,19,41,20,9,96,69,42,30.19,29.98,29.50,10,10,5,14,8,17,0.16,8,Rain,85
2014-1-6,50,29,7,45,24,-7,89,70,50,29.77,29.51,29.25,10,8,2,46,21,52,0.17,8,Rain-Snow,244
2014-1-7,8,4,0,-4,-9,-12,66,56,45,30.26,30.05,29.78,10,10,6,39,24,49,T,6,Snow,243
2014-1-8,21,14,7,8,3,-4,80,65,49,30.45,30.40,30.29,10,9,4,22,9,26,T,6,Snow,225
2014-1-9,25,21,16,13,11,8,80,69,57,30.65,30.54,30.43,10,9,4,20,9,28,T,6,Snow,239
2014-1-10,39,29,18,34,24,12,96,85,73,30.42,30.31,30.05,10,5,0,12,5,14,0.10,8,Fog-Snow,88
2014-1-11,55,45,35,49,43,32,92,81,70,30.02,29.54,29.25,10,9,2,32,13,44,0.22,8,Rain,198
2014-1-12,41,35,28,33,29,24,82,76,70,29.99,29.75,29.42,10,10,7,31,15,37,T,7,Rain-Snow,254
2014-1-13,51,38,25,41,27,23,85,60,35,29.98,29.84,29.70,10,10,10,20,9,28,0.00,6,Rain,168
2014-1-14,46,42,37,43,39,32,96,85,74,29.84,29.73,29.55,10,7,2,12,5,15,0.00,8,Rain,278
2014-1-15,42,35,28,35,28,20,92,76,59,29.99,29.88,29.80,10,9,6,16,5,22,0.01,7,Fog-Rain-Snow,296
2014-1-16,36,31,25,22,19,16,75,61,47,30.00,29.93,29.87,10,10,10,9,4,13,T,6,,152
2014-1-17,42,34,26,24,21,18,75,60,45,29.87,29.84,29.81,10,10,8,20,8,26,T,7,Snow,166
2014-1-18,30,25,20,28,22,13,100,86,71,29.87,29.82,29.76,10,4,0,21,11,25,0.28,8,Fog-Snow,256
2014-1-19,31,24,17,27,18,12,92,75,57,29.84,29.63,29.47,10,5,1,28,12,35,0.03,8,Snow,226
2014-1-20,32,20,8,28,16,1,92,79,66,30.03,29.71,29.51,10,5,1,21,8,28,0.07,8,Snow,311
2014-1-21,8,0,-9,1,-9,-16,79,62,45,30.15,30.10,30.01,10,10,9,13,7,16,T,5,Snow,327
2014-1-22,5,-3,-12,-6,-12,-19,79,68,56,30.10,30.07,30.01,10,10,7,14,6,18,T,3,Snow,314
2014-1-23,14,6,-3,5,-1,-8,88,75,61,30.30,30.16,30.05,10,5,1,16,4,20,0.06,7,Snow,320
2014-1-24,19,10,0,1,-1,-4,87,63,39,30.35,30.19,29.78,10,6,1,22,11,28,0.02,7,Snow,225
2014-1-25,28,21,14,21,11,-1,92,68,43,29.74,29.44,29.27,10,6,0,26,16,36,0.03,8,Fog-Snow,230
2014-1-26,27,16,5,17,5,-4,91,70,48,29.78,29.66,29.54,10,5,0,20,12,20,0.14,8,Fog-Snow,282
2014-1-27,38,23,7,28,12,-6,92,70,47,30.09,29.69,29.30,10,6,0,38,20,47,0.03,6,Fog-Snow,256
2014-1-28,11,4,-4,-6,-9,-13,71,59,46,30.34,30.25,30.11,10,10,7,29,13,39,0.00,4,,234
2014-1-29,17,7,-3,4,-5,-12,67,56,45,30.25,30.14,30.05,10,10,10,28,13,36,0.00,3,,236
2014-1-30,29,17,5,5,3,-2,69,52,34,30.35,30.19,29.93,10,10,10,22,10,30,0.00,4,,172
2014-1-31,35,31,26,22,15,5,63,51,38,30.19,30.05,29.93,10,10,10,22,8,26,0.00,8,,217
2014-2-1,43,32,20,32,25,16,96,71,45,30.25,30.08,29.86,10,8,1,21,5,29,0.17,8,Rain-Snow,118
2014-2-2,43,36,28,34,28,20,96,80,64,30.20,30.02,29.85,10,9,5,15,8,18,0.01,8,Rain-Snow,289
2014-2-3,28,24,20,19,16,13,74,66,57,30.38,30.27,30.20,10,9,9,14,7,32,T,8,Snow,292
2014-2-4,28,24,20,17,14,12,77,63,49,30.49,30.41,30.28,10,10,8,12,2,15,T,8,Snow,251
2014-2-5,26,20,13,25,19,7,96,85,74,30.28,29.99,29.72,10,2,0,18,10,24,0.91,8,Fog-Snow,43
2014-2-6,20,11,1,9,4,-2,95,76,56,30.35,30.28,30.20,10,10,2,14,5,18,T,7,Snow,256
2014-2-7,20,12,4,10,3,-3,80,63,45,30.30,30.25,30.20,10,10,7,25,10,29,T,5,Snow,245
2014-2-8,18,9,0,5,0,-8,76,65,54,30.35,30.29,30.21,10,10,10,14,6,17,0.00,5,,243
2014-2-9,21,17,13,18,13,5,92,77,61,30.19,30.05,29.95,10,4,1,20,5,23,0.11,8,Snow,183
2014-2-10,22,18,13,16,13,8,92,83,73,30.30,30.15,30.01,10,4,0,21,10,23,0.06,7,Fog-Snow,257
2014-2-11,18,13,7,12,9,5,92,83,73,30.53,30.40,30.28,10,4,0,16,8,20,0.07,8,Snow,274
2014-2-12,23,9,-5,6,2,-6,100,74,47,30.56,30.43,30.23,10,10,6,12,6,14,T,5,Snow,81
2014-2-13,26,19,12,25,17,1,100,77,53,30.23,29.77,29.38,10,4,0,15,6,20,0.25,8,Fog-Snow,346
2014-2-14,32,26,19,25,21,18,100,82,63,29.75,29.48,29.33,10,4,0,22,12,29,0.39,8,Fog-Snow,265
2014-2-15,29,24,19,25,21,12,92,80,68,29.89,29.82,29.75,10,5,1,25,9,32,0.02,8,Snow,273
2014-2-16,19,14,8,16,12,0,96,85,73,30.23,30.00,29.89,10,4,0,21,11,28,0.08,7,Fog-Snow,272
2014-2-17,22,7,-8,2,-2,-8,100,68,35,30.48,30.35,30.13,10,10,6,16,3,18,0.00,3,Snow,29
2014-2-18,34,26,17,27,18,3,84,59,34,30.07,29.96,29.88,10,9,2,29,13,39,T,7,Snow,198
2014-2-19,43,31,19,34,27,15,89,80,70,30.07,29.79,29.62,10,9,5,22,10,29,0.02,7,Rain-Snow,173
2014-2-20,43,30,16,34,27,16,100,77,53,30.18,30.08,29.87,10,7,2,17,6,24,0.33,6,Rain-Snow,100
2014-2-21,46,40,33,43,35,22,100,77,54,29.86,29.70,29.58,10,7,1,22,10,28,0.73,7,Rain,144
2014-2-22,46,41,35,26,19,12,64,47,29,29.94,29.85,29.80,10,10,10,36,16,45,0.00,4,,229
2014-2-23,42,35,27,29,24,15,75,60,45,29.96,29.92,29.87,10,10,9,20,8,24,T,6,Snow,278
2014-2-24,27,23,18,23,16,8,92,71,50,30.07,29.95,29.88,10,5,0,29,16,36,0.05,8,Snow,275
2014-2-25,22,19,16,16,11,7,88,72,56,30.06,30.01,29.90,10,5,1,24,11,28,0.09,7,Snow,271
2014-2-26,19,11,3,14,3,-7,80,60,40,29.95,29.87,29.80,10,8,1,32,14,41,T,6,Snow,250
2014-2-27,22,13,4,16,5,-6,88,67,45,30.07,29.72,29.55,10,4,0,37,18,45,0.03,7,Snow,247
2014-2-28,15,10,4,4,1,-4,88,72,55,30.41,30.32,30.09,10,5,0,22,7,26,0.03,6,Snow,291
2014-3-1,35,20,5,25,8,-3,72,54,36,30.30,30.16,30.06,10,10,5,16,8,20,T,7,Snow,117
2014-3-2,29,20,10,25,14,4,92,80,67,30.21,30.16,30.10,10,4,1,17,9,21,0.18,8,Snow,291
2014-3-3,12,8,4,7,1,-5,83,68,52,30.40,30.29,30.16,10,6,1,17,10,22,0.01,7,Snow,294
2014-3-4,19,12,4,11,5,-6,80,67,54,30.41,30.34,30.26,10,7,2,13,4,15,T,8,Snow,273
2014-3-5,23,12,0,16,11,-3,88,70,51,30.60,30.37,30.24,10,6,1,16,5,21,T,7,Snow,314
2014-3-6,26,9,-8,3,-3,-11,87,59,31,30.69,30.56,30.38,10,10,9,13,5,22,0.00,1,,77
2014-3-7,42,25,8,21,11,-4,63,52,41,30.36,30.14,29.91,10,10,10,13,6,26,0.00,2,,84
2014-3-8,37,29,21,28,23,14,85,71,57,30.00,29.92,29.85,10,10,5,14,6,16,T,7,Snow,293
2014-3-9,30,26,21,24,16,9,81,64,46,30.12,30.00,29.81,10,10,7,18,9,25,T,7,Snow,259
2014-3-10,43,35,26,30,25,17,81,71,60,29.81,29.67,29.49,10,9,7,13,5,23,T,8,Rain-Snow,98
2014-3-11,50,43,36,34,31,28,85,66,46,29.71,29.63,29.49,10,9,7,23,9,28,T,6,,270
2014-3-12,39,25,11,36,25,8,100,92,84,29.68,29.48,29.24,10,2,0,26,11,37,0.00,8,Fog-Rain-Snow,360
2014-3-13,17,12,7,9,4,-1,91,75,58,30.09,29.80,29.60,10,5,1,26,17,36,0.00,8,Snow,305
2014-3-14,48,32,16,25,17,6,74,56,38,30.08,29.86,29.59,10,10,10,29,10,38,0.00,8,,160
2014-3-15,46,34,22,35,28,15,85,65,45,30.12,29.81,29.60,10,9,3,28,14,44,0.06,8,Rain-Snow,262
2014-3-16,23,16,9,18,8,3,74,64,54,30.33,30.25,30.11,10,9,2,21,10,28,T,6,Snow,304
2014-3-17,26,15,4,6,2,-1,91,63,35,30.25,30.16,30.09,10,10,10,10,4,13,0.00,4,,78
2014-3-18,41,26,11,17,9,2,73,53,32,30.22,30.18,30.13,10,10,10,14,8,21,0.00,1,,78
2014-3-19,46,37,27,34,22,10,62,46,29,30.18,29.98,29.72,10,10,10,24,13,30,0.01,7,Rain,121
2014-3-20,41,36,30,37,31,28,92,81,70,29.88,29.77,29.65,10,7,1,31,17,44,0.03,8,Rain-Snow,250
2014-3-21,35,29,22,27,22,18,92,74,56,30.06,30.00,29.88,10,8,2,22,12,29,0.01,7,Snow,266
2014-12-21,31,28,24,27,25,22,92,85,78,30.35,30.32,30.29,10,8,5,6,2,7,T,8,Snow,98
2014-12-22,40,35,29,33,27,23,89,77,64,30.34,30.23,30.13,10,10,3,23,9,23,0.02,7,,109
2014-12-23,41,37,33,40,36,33,100,96,92,30.12,30.05,29.97,10,9,2,17,11,21,0.20,8,Rain,77
2014-12-24,52,44,36,50,43,38,100,96,92,29.95,29.64,29.29,10,9,2,14,9,20,0.43,8,Rain,80
2014-12-25,59,50,40,53,35,28,96,78,60,30.11,29.76,29.30,10,10,10,36,19,45,0.01,8,Rain,256
2014-12-26,46,38,29,31,29,26,92,73,53,30.25,30.17,30.11,10,10,10,20,7,27,T,5,,237
2014-12-27,54,41,27,38,34,26,92,71,50,30.20,30.09,29.86,10,10,10,17,6,23,0.00,8,,176
2014-12-28,54,44,34,44,33,24,93,72,50,30.09,29.94,29.83,10,10,6,23,12,30,0.19,8,Rain-Snow,266
2014-12-29,34,29,23,28,21,13,82,69,55,30.30,30.21,30.09,10,9,2,16,9,21,0.01,7,Snow,294
2014-12-30,25,20,15,20,14,9,88,71,54,30.47,30.39,30.31,10,9,2,13,7,32,T,7,Snow,306
2014-12-31,25,22,18,9,6,2,68,52,36,30.33,30.22,30.01,10,10,9,29,17,34,T,5,Snow,240
2015-1-1,34,27,20,25,13,8,91,64,36,30.02,29.95,29.83,10,8,1,28,12,33,0.01,8,Snow,248
2015-1-2,31,23,15,26,23,15,100,82,63,30.47,30.20,29.95,10,4,0,22,9,28,0.03,8,Fog-Snow,285
2015-1-3,40,28,15,37,23,15,100,87,74,30.51,30.27,29.91,10,6,1,21,10,29,0.97,8,Rain-Snow,84
2015-1-4,55,44,33,51,39,27,100,88,76,29.87,29.69,29.49,10,10,7,35,13,45,0.03,8,Rain-Snow,259
2015-1-5,33,22,10,28,10,-3,88,70,51,30.40,30.15,29.83,10,8,1,37,22,47,0.01,6,Snow,274
2015-1-6,18,14,10,11,7,-1,80,69,58,30.35,30.14,29.90,10,8,1,22,12,28,T,8,Snow,222
2015-1-7,16,6,-4,12,2,-6,95,75,55,30.34,30.07,29.82,10,4,0,30,16,38,0.03,8,Snow,295
2015-1-8,17,5,-8,5,-2,-8,95,71,46,30.33,30.22,29.91,10,6,1,26,12,35,T,7,Snow,171
2015-1-9,22,18,13,17,10,-1,88,67,46,30.17,29.89,29.77,10,6,0,32,19,40,0.01,7,Snow,232
2015-1-10,16,12,7,5,0,-5,73,63,53,30.48,30.37,30.19,10,10,10,24,14,30,0.00,3,,232
2015-1-11,33,22,11,16,6,-2,59,49,38,30.51,30.44,30.31,10,10,6,14,7,17,T,8,Snow,168
2015-1-12,34,23,12,31,28,8,100,74,47,30.45,30.24,30.15,10,3,1,24,9,31,0.20,8,Snow,245
2015-1-13,12,3,-7,6,-6,-11,87,74,60,30.81,30.70,30.45,10,10,9,23,6,27,T,0,Snow,308
2015-1-14,20,5,-11,7,-3,-13,92,74,56,30.61,30.39,30.26,10,10,10,10,4,12,0.00,3,,71
2015-1-15,28,12,-5,13,4,-6,95,71,46,30.24,30.06,29.78,10,9,7,12,3,15,0.00,5,,214
2015-1-16,29,19,8,27,17,-1,100,75,50,30.29,29.89,29.73,10,5,0,31,16,39,0.02,7,Snow,282
2015-1-17,28,11,-6,16,1,-9,79,61,42,30.39,30.20,29.94,10,10,10,17,7,21,0.00,5,,88
2015-1-18,41,34,26,35,29,17,100,82,63,29.91,29.77,29.71,10,9,4,18,8,23,0.02,8,Rain-Snow,210
2015-1-19,34,29,24,32,26,19,100,85,69,29.92,29.81,29.71,10,8,1,26,16,35,0.01,8,Snow,271
2015-1-20,24,15,5,20,15,4,100,84,68,30.15,29.98,29.90,10,6,2,18,7,25,T,6,Snow,297
2015-1-21,22,10,-2,15,6,-4,95,76,57,30.21,30.15,30.11,10,10,8,8,4,9,T,6,Snow,82
2015-1-22,26,22,18,20,17,13,91,73,55,30.37,30.25,30.12,10,9,2,16,6,19,0.01,7,Snow,277
2015-1-23,31,26,20,20,18,16,81,70,58,30.32,30.15,29.85,10,10,6,20,9,24,T,6,Snow,208
2015-1-24,32,26,19,28,23,17,100,86,72,29.81,29.55,29.45,10,7,2,20,7,22,0.20,7,Snow,260
2015-1-25,31,18,5,29,13,0,100,77,54,30.10,29.80,29.46,10,9,6,29,11,40,T,6,Snow,302
2015-1-26,18,11,3,12,7,-2,96,79,61,30.10,30.00,29.94,10,6,1,16,8,20,0.05,7,Snow,65
2015-1-27,14,9,4,9,1,-5,80,65,50,30.06,29.97,29.91,10,10,9,21,10,24,T,7,Snow,313
2015-1-28,22,11,0,6,1,-3,91,68,45,30.34,30.23,30.06,10,10,10,16,5,19,0.00,1,,271
2015-1-29,35,18,0,26,13,-1,100,65,29,30.33,29.99,29.80,10,7,1,31,10,37,0.09,7,Snow,136
2015-1-30,27,16,5,27,17,2,100,87,73,30.27,30.01,29.79,9,3,0,23,14,29,0.11,8,Snow,300
2015-1-31,15,4,-7,9,0,-10,91,76,61,30.35,30.27,30.16,10,8,2,14,4,18,T,7,Snow,339
2015-2-1,24,18,11,21,11,4,92,74,56,30.25,30.12,29.91,10,6,1,16,7,21,0.06,7,Snow,357
2015-2-2,14,8,1,12,5,-3,100,90,80,30.09,29.73,29.52,9,2,0,28,13,33,0.34,8,Fog-Snow,15
2015-2-3,22,10,-2,8,4,-1,100,76,52,30.22,30.16,30.07,10,8,2,21,8,26,T,7,Snow,213
2015-2-4,32,23,14,29,22,9,100,79,57,30.19,29.99,29.90,10,4,1,22,9,27,0.17,8,Snow,199
2015-2-5,22,14,6,22,10,-3,100,77,53,30.27,30.13,29.97,10,5,1,21,11,24,0.05,7,Snow,300
2015-2-6,22,14,5,14,6,-4,91,77,63,30.22,30.09,30.03,10,7,1,24,14,31,0.02,7,Snow,226
2015-2-7,27,24,20,25,21,14,100,89,77,30.06,30.00,29.93,10,4,1,17,8,21,0.18,8,Snow,205
2015-2-8,23,17,10,23,17,10,100,92,84,29.95,29.86,29.78,10,3,0,15,7,20,0.28,8,Fog-Snow,16
2015-2-9,20,15,9,20,15,9,100,100,100,30.13,30.01,29.93,10,2,0,12,4,14,0.43,8,Fog-Snow,358
2015-2-10,18,12,5,16,13,5,100,96,92,30.26,30.20,30.13,10,9,5,12,7,13,T,7,Snow,284
2015-2-11,28,14,-1,22,12,-1,100,79,58,30.21,29.97,29.78,10,6,1,12,3,13,0.05,6,Fog-Snow,86
2015-2-12,24,12,0,24,14,-2,100,80,60,30.10,29.86,29.73,10,3,0,32,14,39,0.08,8,Fog-Snow,282
2015-2-13,8,-2,-13,0,-6,-13,100,80,60,30.27,30.17,30.03,10,7,2,18,7,24,T,6,Snow,287
2015-2-14,22,12,2,20,13,-4,100,86,72,29.99,29.66,29.47,9,3,0,23,10,30,0.70,8,Fog-Snow,135
2015-2-15,8,1,-6,8,-3,-10,100,86,71,30.30,30.07,29.69,9,2,0,26,17,33,0.02,7,Snow,308
2015-2-16,6,-5,-17,-5,-9,-16,100,78,55,30.33,30.26,30.10,10,9,6,15,6,19,T,5,Snow,290
2015-2-17,17,3,-11,5,-5,-13,95,76,57,30.07,29.95,29.88,10,10,10,7,3,9,T,6,,87
2015-2-18,24,9,-7,17,7,-8,100,76,52,29.92,29.77,29.68,10,6,0,28,6,32,0.06,7,Fog-Snow,49
2015-2-19,11,4,-3,11,4,-4,100,90,80,30.03,29.86,29.72,10,2,0,28,19,38,0.20,7,Fog-Snow,272
2015-2-20,5,-4,-14,0,-5,-14,100,81,62,30.39,30.21,30.00,10,4,0,26,14,32,0.08,5,Fog-Snow,247
2015-2-21,20,2,-16,19,8,-14,100,73,46,30.36,30.12,30.01,10,5,1,21,6,28,0.10,8,Snow,138
2015-2-22,25,19,13,20,17,8,100,87,74,30.32,30.21,30.09,10,6,0,24,7,33,0.10,8,Fog-Snow,257
2015-2-23,13,6,-2,9,0,-11,100,80,59,30.47,30.40,30.33,10,3,0,21,15,30,0.15,7,Fog-Snow,288
2015-2-24,19,1,-18,4,-6,-14,68,51,34,30.38,30.01,29.69,10,10,7,24,10,34,0.00,6,,183
2015-2-25,19,13,6,16,8,1,67,56,45,30.09,29.83,29.65,10,7,0,25,12,33,0.01,6,Snow,278
2015-2-26,15,9,2,7,0,-4,91,67,42,30.25,30.12,30.05,10,10,6,19,5,,T,8,Snow,322
2015-2-27,14,6,-2,6,1,-3,78,60,49,30.66,30.46,30.25,10,9,3,16,9,26,T,6,Snow,280
2015-2-28,19,8,-4,3,0,-4,99,65,53,30.82,30.74,30.65,10,10,5,21,6,17,T,2,Snow,249
2015-3-1,23,8,-7,21,13,-8,100,92,84,30.68,30.36,30.09,10,4,0,14,5,17,0.10,8,Fog-Snow,124
2015-3-2,24,17,10,20,17,6,100,84,67,30.40,30.19,30.07,10,4,1,33,16,43,0.07,7,Snow,278
2015-3-3,33,16,-1,29,16,0,100,84,68,30.39,30.01,29.62,10,6,0,21,9,29,0.26,7,Fog-Rain-Snow,142
2015-3-4,32,27,21,32,27,21,100,88,75,30.01,29.84,29.64,10,8,2,23,11,27,0.01,8,Snow,275
2015-3-5,21,13,5,21,8,0,100,81,61,30.47,30.21,30.00,10,8,2,21,12,28,T,8,Snow,295
2015-3-6,21,8,-6,5,1,-3,100,70,39,30.56,30.44,30.24,10,9,2,14,6,18,T,5,Snow,241
2015-3-7,30,19,7,26,17,-1,100,73,45,30.23,30.07,30.00,10,6,1,18,8,23,0.03,8,Snow,218
2015-3-8,35,28,21,28,23,15,100,76,51,30.11,30.03,29.97,10,5,0,25,8,32,0.01,7,Fog-Snow,254
2015-3-9,42,31,20,27,22,16,77,61,45,30.23,30.14,30.03,10,10,9,23,8,27,T,5,,252
2015-3-10,50,36,21,37,26,18,84,65,46,30.24,30.11,29.92,10,10,10,12,6,15,0.00,6,,132
2015-3-11,45,41,37,38,34,27,92,71,49,30.17,30.01,29.89,10,9,6,25,13,33,0.00,5,,261
2015-3-12,39,30,21,27,12,4,70,51,31,30.65,30.51,30.19,10,10,10,26,10,35,0.00,1,,312
2015-3-13,47,33,19,19,12,7,68,45,22,30.62,30.43,30.18,10,10,10,14,7,17,0.00,6,,121
2015-3-14,44,40,35,39,34,20,100,72,44,30.16,29.85,29.71,10,8,1,26,8,33,0.07,8,Rain-Snow,148
2015-3-15,37,33,28,33,29,25,96,83,69,30.12,29.89,29.74,10,6,0,26,12,34,0.12,8,Fog-Rain-Snow,285
2015-3-16,51,38,24,32,28,24,100,73,46,30.08,29.92,29.74,10,9,6,9,3,11,T,7,Rain,179
2015-3-17,39,34,28,38,30,8,100,68,35,30.00,29.73,29.59,10,5,0,31,16,43,0.13,8,Fog-Rain-Snow,294
2015-3-18,28,25,22,22,15,6,88,65,42,30.19,30.08,29.99,10,7,1,22,10,29,0.05,7,Snow,315
2015-3-19,32,23,13,11,4,-3,80,53,25,30.39,30.33,30.19,10,10,10,15,6,19,0.00,3,,315
2015-3-20,35,28,20,29,21,6,92,67,42,30.33,30.19,30.07,10,6,0,12,7,17,0.10,8,Fog-Snow,106
2015-3-21,41,32,23,36,27,20,92,73,54,30.07,29.94,29.81,10,7,1,26,11,35,0.10,8,Rain-Snow,150