EDT,Max TemperatureF,Mean TemperatureF,Min TemperatureF,Max Dew PointF,MeanDew PointF,Min DewpointF,Max Humidity, Mean Humidity, Min Humidity, Max Sea Level PressureIn, Mean Sea Level PressureIn, Min Sea Level PressureIn, Max VisibilityMiles, Mean VisibilityMiles, Min VisibilityMiles, Max Wind SpeedMPH, Mean Wind SpeedMPH, Max Gust SpeedMPH,PrecipitationIn, CloudCover, Events, WindDirDegrees
2010-12-21,28,24,19,23,20,16,93,83,75,30.21,30.15,30.08,10,8,4,6,2,,0.00,8,Snow,122
2010-12-22,32,29,26,25,22,19,88,78,64,30.32,30.13,30.04,10,8,1,14,7,22,0.00,7,Snow,360
2010-12-23,30,30,28,25,23,20,80,74,66,30.38,30.35,30.28,10,10,9,17,10,22,0.00,8,Snow,331
2010-12-24,28,26,25,20,19,17,78,72,66,30.40,30.33,30.23,10,10,10,9,5,,0.00,7,,1
2010-12-25,28,26,23,22,20,18,85,78,69,30.22,30.16,30.10,10,8,3,13,7,18,0.00,8,Snow,360
2010-12-26,27,23,19,24,18,12,89,76,68,30.17,30.14,30.10,9,8,4,20,12,28,0.00,7,Snow,5
2010-12-27,25,21,16,15,13,11,88,73,55,30.22,30.17,30.13,10,9,9,14,8,23,0.00,3,Snow,309
2010-12-28,30,20,10,21,16,9,95,83,69,30.14,30.08,29.98,10,8,5,16,10,22,0.00,3,Snow,245
2010-12-29,28,22,17,24,20,14,100,91,82,30.11,30.03,29.96,7,3,0,10,5,,0.00,5,Fog,211
2010-12-30,42,36,30,37,33,25,100,92,80,29.99,29.94,29.86,10,5,2,10,6,,0.01,7,,171
2010-12-31,51,45,39,49,43,36,96,88,82,29.91,29.88,29.83,10,8,2,10,7,20,0.07,6,Rain,200
2011-1-1,52,38,21,51,39,9,100,82,43,30.04,29.80,29.72,10,6,1,22,11,30,0.37,7,Rain,224
2011-1-2,24,20,14,13,10,7,77,65,55,30.22,30.15,30.06,10,9,6,20,13,26,0.00,6,Snow,256
2011-1-3,34,24,14,23,16,8,84,70,52,30.21,30.11,29.99,10,10,10,13,7,,0.00,4,,213
2011-1-4,34,28,21,25,21,14,86,74,52,30.03,29.89,29.82,10,7,1,20,10,29,0.00,7,Snow,269
2011-1-5,24,20,15,18,14,10,93,78,62,30.04,29.96,29.81,10,8,4,8,4,,0.00,7,Snow,263
2011-1-6,28,24,19,27,20,14,100,86,71,29.78,29.59,29.46,10,3,1,17,5,25,0.02,8,Snow,248
2011-1-7,21,19,17,16,15,12,93,83,74,29.49,29.38,29.30,10,5,0,12,7,,0.01,8,Fog-Snow,255
2011-1-10,28,24,19,16,14,13,74,65,58,30.45,30.41,30.36,10,10,10,7,5,,0.00,2,,48
2011-1-11,25,23,21,22,20,14,93,84,72,30.32,30.01,29.90,10,3,0,14,8,18,0.07,8,Fog-Snow,24
2011-1-12,25,13,1,21,15,-2,88,78,68,30.38,30.15,29.94,10,8,2,16,10,23,0.00,6,Snow,335
2011-1-13,26,18,10,21,17,6,93,85,69,30.49,30.38,30.32,10,6,2,13,5,,0.00,8,Snow,234
2011-1-14,21,18,14,17,14,12,92,84,78,30.37,30.31,30.15,7,4,1,7,4,,0.00,8,Snow,209
2011-1-15,27,23,18,23,19,10,93,81,63,30.15,29.93,29.82,10,5,1,18,10,26,0.02,7,Snow,248
2011-1-16,19,8,-2,8,4,-6,88,69,52,30.32,30.27,30.16,10,10,10,9,5,,0.00,5,,281
2011-1-17,28,20,12,22,10,5,81,72,60,30.26,30.07,29.79,10,10,10,13,6,,0.00,5,,130
2011-1-18,36,32,25,34,31,21,100,91,80,29.89,29.75,29.69,10,5,1,15,7,20,0.06,8,Rain,248
2011-1-19,24,18,12,21,15,9,92,83,78,30.15,30.01,29.86,10,9,4,13,8,,0.00,7,Snow,326
2011-1-20,21,16,10,18,15,9,93,84,72,30.17,29.96,29.74,10,6,1,13,3,,0.01,7,Snow,250
2011-1-21,19,8,-2,14,0,-7,85,67,45,30.08,29.95,29.74,10,9,2,18,13,29,0.00,2,Snow,293
2011-1-22,16,10,3,9,4,-1,84,75,61,30.03,29.91,29.80,10,7,1,15,6,20,0.00,7,Snow,228
2011-1-23,16,6,-5,1,-3,-10,83,67,41,30.36,30.24,30.00,10,10,10,10,8,,0.00,1,,344
2011-1-24,26,12,-2,25,12,-6,100,84,67,30.32,30.12,30.01,10,4,1,12,5,,0.01,8,Snow,164
2011-1-25,30,27,24,27,24,21,96,87,75,30.15,30.07,30.00,10,6,2,12,6,,0.00,8,,236
2011-1-26,28,26,25,23,21,19,88,79,69,30.04,29.97,29.90,10,8,5,8,3,17,0.00,8,,306
2011-1-27,26,24,21,22,19,16,93,86,74,29.96,29.84,29.75,10,4,0,13,7,20,0.05,8,Fog-Snow,234
2011-1-28,30,26,21,23,20,16,93,80,56,29.91,29.82,29.73,10,6,2,10,5,,0.00,8,Snow,281
2011-1-29,28,24,21,23,21,19,96,86,69,30.07,29.86,29.72,10,5,1,12,6,,0.07,8,Rain-Snow,204
2011-1-30,26,18,1,21,15,-3,93,75,42,30.45,30.21,30.04,10,8,2,15,4,,0.01,5,Snow,1
2011-1-31,18,10,1,7,3,-4,91,64,43,30.52,30.42,30.23,10,10,4,13,7,71,0.00,3,Snow,64
2011-2-1,21,16,12,16,11,5,93,80,64,30.27,30.13,29.74,10,3,0,21,11,34,0.07,8,Fog-Snow,49
2011-2-2,24,16,8,18,13,0,86,78,67,30.39,29.82,29.54,10,4,0,23,15,34,0.13,7,Fog-Snow,360
2011-2-3,24,8,-7,11,-1,-13,92,65,35,30.47,30.41,30.32,10,10,10,17,5,22,0.00,0,,237
2011-2-4,25,15,5,7,-1,-8,67,53,41,30.28,30.12,29.93,10,10,10,15,10,,0.00,0,,216
2011-2-5,24,14,3,22,14,-3,93,81,63,29.91,29.67,29.56,10,5,0,10,4,,0.34,5,Fog-Snow,272
2011-2-6,30,26,23,28,25,17,100,90,78,29.96,29.91,29.83,10,4,1,10,7,,0.02,8,Snow,217
2011-2-7,30,26,19,28,23,11,100,84,60,29.95,29.91,29.86,10,5,2,12,4,,0.00,8,Snow,312
2011-2-8,21,14,7,12,4,0,77,64,52,30.30,30.17,29.94,10,10,10,20,9,25,0.00,3,,310
2011-2-9,17,11,1,7,2,-1,88,71,62,30.28,30.15,30.03,10,10,10,21,10,26,0.00,3,,244
2011-2-10,14,0,-13,3,-5,-15,92,73,52,30.18,30.12,30.04,10,9,7,15,7,,0.00,1,,232
2011-2-11,25,6,-13,16,1,-18,86,72,58,30.08,29.99,29.84,10,10,8,15,5,20,0.00,6,,229
2011-2-12,32,28,24,27,20,12,88,73,44,30.10,29.94,29.78,10,7,2,20,13,33,0.00,6,Snow,251
2011-2-13,43,36,30,30,27,26,88,68,56,29.93,29.71,29.44,10,10,8,20,11,28,0.00,1,,220
2011-2-14,44,36,25,32,25,13,73,62,52,30.36,29.82,29.40,10,10,10,29,19,40,0.00,4,,307
2011-2-15,30,19,8,22,14,5,92,70,51,30.45,30.37,30.16,10,10,10,10,4,,0.00,0,,162
2011-2-16,45,34,24,32,27,20,88,72,55,30.14,30.05,29.98,10,10,6,9,4,,0.00,4,,206
2011-2-17,48,42,36,45,39,32,86,80,73,29.98,29.84,29.68,10,8,6,18,8,33,0.00,7,,206
2011-2-18,51,44,36,48,29,16,89,54,31,30.04,29.87,29.68,10,10,7,28,16,39,0.00,2,,269
2011-2-19,37,29,19,18,15,12,81,55,39,30.40,30.30,30.08,10,10,10,22,15,33,0.00,0,,314
2011-2-20,32,24,17,27,24,13,93,88,64,30.40,29.97,29.78,10,3,0,14,7,22,0.70,7,Fog-Snow,92
2011-2-21,27,21,15,25,17,5,93,82,57,30.05,29.90,29.77,10,5,0,17,12,28,0.11,8,Fog-Snow,57
2011-2-22,24,14,3,7,4,0,87,60,44,30.36,30.24,30.06,10,10,10,13,9,20,0.00,2,,71
2011-2-23,26,10,-6,23,9,-11,92,85,79,30.40,30.31,30.17,10,8,4,8,3,,0.00,6,Snow,181
2011-2-24,36,31,26,29,26,22,100,86,65,30.12,30.04,29.91,10,5,0,13,4,18,0.02,8,Fog-Snow,105
2011-2-25,30,21,10,26,20,7,93,77,50,30.19,29.90,29.76,10,6,1,22,14,30,0.00,6,Snow,3
2011-2-26,30,21,12,28,23,7,93,89,79,30.16,30.00,29.85,10,4,1,9,5,,0.02,7,Snow,196
2011-2-27,37,34,30,36,32,28,100,91,79,29.91,29.80,29.63,8,3,2,12,6,16,0.09,8,Rain-Thunderstorm,196
2011-2-28,36,26,16,36,20,13,100,69,54,30.25,29.79,29.47,10,8,1,20,10,29,0.29,6,Rain-Thunderstorm,357
2011-3-1,37,24,10,27,19,8,92,77,64,30.36,30.24,30.09,10,10,9,16,4,,0.00,0,,217
2011-3-2,36,26,16,29,17,9,79,60,43,30.56,30.35,30.08,10,10,9,16,10,23,0.00,0,,343
2011-3-3,27,20,14,19,14,10,88,71,53,30.61,30.49,30.29,10,10,10,15,7,23,0.00,0,,105
2011-3-4,44,35,26,43,35,19,100,87,72,30.27,30.10,29.98,10,7,0,9,6,22,0.19,7,Fog-Rain,165
2011-3-5,45,36,26,45,34,23,100,95,86,30.11,29.95,29.83,10,2,0,20,10,29,0.75,8,Fog-Rain-Snow,347
2011-3-6,32,26,19,22,19,14,85,76,59,30.28,30.23,30.08,10,9,3,20,13,29,0.00,4,Snow,4
2011-3-7,34,21,8,20,15,5,92,71,52,30.35,30.31,30.26,10,10,8,8,3,,0.00,1,,127
2011-3-8,42,34,25,25,22,18,78,64,45,30.40,30.33,30.21,10,10,10,14,7,,0.00,4,,95
2011-3-9,41,38,35,41,36,26,100,92,70,30.19,29.91,29.77,10,5,0,13,8,23,0.47,8,Fog-Rain,109
2011-3-10,42,37,30,43,35,27,100,95,82,29.91,29.83,29.77,10,5,0,17,7,25,0.01,8,Fog-Snow,304
2011-3-11,44,36,28,30,27,23,96,79,56,29.91,29.85,29.80,10,6,1,23,14,30,0.02,5,Snow,301
2011-3-12,45,38,30,36,29,22,89,73,65,29.98,29.79,29.66,10,10,8,26,10,39,0.00,7,,261
2011-3-13,39,36,33,30,28,27,85,76,62,30.38,30.20,30.01,10,10,10,14,11,21,0.00,8,,305
2011-3-14,41,32,26,30,26,22,92,78,53,30.48,30.41,30.37,10,10,10,10,7,,0.00,2,,71
2011-3-15,41,32,25,36,30,21,100,85,60,30.37,30.16,30.01,10,7,2,9,5,,0.08,4,Rain,88
2011-3-16,55,45,34,38,35,30,100,83,38,30.12,30.06,29.99,10,6,0,13,5,,0.01,4,Fog,266
2011-3-17,69,50,33,55,43,32,96,75,55,30.12,29.97,29.79,10,9,6,21,8,29,0.00,3,,209
2011-3-18,64,52,39,56,40,30,97,65,42,30.26,30.03,29.80,10,10,5,26,13,39,0.00,1,,288
2011-3-19,50,39,28,31,26,22,88,64,39,30.58,30.47,30.29,10,10,10,12,7,16,0.00,0,,352
2011-3-20,48,38,30,39,31,26,100,83,46,30.58,30.37,30.01,10,9,2,16,9,21,0.47,4,Rain-Thunderstorm,104
2011-3-21,55,44,33,47,40,34,100,91,62,30.09,29.96,29.88,10,5,0,15,6,21,0.23,5,Fog-Rain-Thunderstorm,299
2011-12-21,46,41,36,46,40,36,100,96,87,29.94,29.75,29.58,10,6,0,16,5,24,0.06,8,Fog-Rain,285
2011-12-22,42,38,35,41,37,34,100,89,76,30.12,30.04,29.95,10,9,5,10,6,36,0.04,7,Rain,265
2011-12-23,33,28,24,32,22,15,100,79,56,30.37,30.24,30.10,10,8,2,15,10,23,0.00,7,Snow,9
2011-12-24,35,27,19,28,25,18,96,84,70,30.40,30.30,30.18,10,10,5,14,4,21,0.00,4,Snow,201
2011-12-25,42,36,30,31,29,27,92,78,60,30.21,30.07,29.95,10,10,10,23,11,31,0.00,3,,256
2011-12-26,44,38,32,30,28,25,92,74,58,30.33,30.19,29.96,10,10,10,18,7,24,0.00,3,,222
2011-12-27,35,32,28,34,33,26,100,97,85,29.93,29.59,29.41,10,4,1,17,5,29,0.19,8,Rain-Snow,269
2011-12-28,28,24,19,23,17,12,96,72,53,30.04,29.97,29.76,10,10,10,21,11,30,0.00,3,,311
2011-12-29,37,30,24,36,31,20,100,94,84,29.97,29.72,29.59,10,7,1,10,5,,0.02,8,Snow,166
2011-12-30,45,38,30,45,38,30,100,98,92,29.79,29.65,29.53,10,4,0,9,4,,0.31,8,Fog-Rain,149
2011-12-31,42,38,35,43,36,34,100,96,86,30.02,29.88,29.60,10,6,2,13,8,20,0.01,8,Rain,272
2012-1-1,46,37,28,41,32,26,100,89,75,29.94,29.75,29.52,10,8,1,28,15,45,0.01,7,Snow,249
2012-1-2,30,26,21,27,21,11,93,81,60,30.18,29.96,29.83,10,7,1,18,14,28,0.00,8,Snow,301
2012-1-3,21,18,15,16,10,6,81,67,57,30.31,30.25,30.19,10,10,9,18,13,25,0.00,4,,302
2012-1-4,35,27,19,28,21,14,86,77,64,30.19,29.98,29.88,10,10,10,14,8,,0.00,2,,247
2012-1-5,41,31,21,32,27,21,100,86,57,30.02,29.91,29.71,10,9,4,12,5,,0.00,1,,230
2012-1-6,54,44,35,38,35,31,93,76,51,29.73,29.70,29.67,10,10,10,12,9,,0.00,0,,230
2012-1-7,43,38,32,33,29,26,100,72,58,30.19,29.96,29.68,10,10,10,16,8,24,0.00,5,,294
2012-1-8,37,30,23,27,24,19,96,78,54,30.38,30.30,30.17,10,10,10,6,3,,0.00,1,,263
2012-1-9,42,30,19,29,24,18,100,78,47,30.29,30.08,29.93,10,10,8,15,4,21,0.00,1,,235
2012-1-10,46,37,27,33,30,26,100,79,56,30.05,29.97,29.90,10,10,7,14,8,21,0.00,0,,244
2012-1-11,45,34,23,38,31,21,100,89,58,29.88,29.71,29.48,10,6,1,8,4,,0.10,2,Rain,83
2012-1-12,39,31,21,39,36,19,100,98,86,29.46,29.37,29.30,10,4,1,29,7,112,0.12,8,Rain-Snow,316
2012-1-13,28,24,19,27,21,16,100,88,74,29.96,29.60,29.38,10,4,1,20,13,30,0.00,8,Snow,269
2012-1-14,23,21,19,21,19,17,100,91,85,30.26,30.08,29.93,10,5,1,14,6,40,0.00,8,Snow,250
2012-1-15,24,20,15,18,14,9,86,79,68,30.47,30.39,30.25,10,10,8,10,5,16,0.00,4,,158
2012-1-16,41,30,19,41,29,14,100,85,68,30.30,29.96,29.79,10,8,1,13,7,20,0.03,4,Rain,191
2012-1-17,51,38,26,52,42,18,100,96,69,30.02,29.62,29.35,10,4,0,39,8,48,1.09,8,Fog-Rain-Snow,224
2012-1-18,25,22,18,18,14,10,85,71,59,30.28,30.16,30.02,10,10,7,16,10,24,0.00,6,Snow,266
2012-1-19,28,17,1,27,17,1,100,82,57,30.18,29.85,29.73,10,6,1,22,13,29,0.00,5,Snow,256
2012-1-20,16,8,0,13,11,3,100,85,74,30.32,30.20,30.06,10,6,1,10,3,,0.12,4,Snow,68
2012-1-21,25,16,6,23,11,3,96,86,78,30.33,30.19,30.05,10,9,2,13,6,,0.00,3,Snow,13
2012-1-22,34,20,6,34,24,3,100,94,85,30.28,30.05,29.82,10,5,0,12,7,17,0.00,7,Fog-Rain,134
2012-1-23,48,40,30,47,38,23,100,94,72,29.83,29.61,29.44,10,7,2,30,10,91,0.37,8,Rain,180
2012-1-24,33,32,28,25,24,21,76,73,69,30.34,30.11,29.86,10,10,10,23,17,33,0.00,8,,277
2012-1-25,30,29,28,25,22,21,86,75,69,30.39,30.31,30.17,10,10,8,8,4,,0.00,8,,290
2012-1-26,35,32,28,34,30,25,100,91,85,30.17,29.79,29.53,9,4,2,8,5,,0.16,8,Rain,73
2012-1-27,39,34,28,37,29,24,100,85,55,29.98,29.70,29.50,10,7,2,17,8,24,0.12,6,Rain-Snow,304
2012-1-28,35,30,26,31,27,16,96,83,52,30.08,29.84,29.72,10,4,1,28,11,43,0.03,7,Snow,230
2012-1-29,32,26,18,28,23,10,93,80,62,30.23,29.97,29.86,10,6,0,24,12,32,0.01,6,Fog-Snow,253
2012-1-30,39,22,10,31,19,7,92,80,66,30.26,30.10,29.94,10,10,7,12,4,18,0.00,3,,192
2012-1-31,54,46,37,45,37,31,89,70,55,29.95,29.89,29.83,10,10,10,16,11,28,0.00,3,,221
2012-2-1,48,42,37,45,37,31,93,78,63,30.13,29.98,29.83,10,10,8,15,9,67,0.00,6,,282
2012-2-2,39,32,25,31,28,23,92,78,63,30.43,30.26,30.12,10,10,7,8,4,,0.00,6,,320
2012-2-3,37,29,21,33,26,20,100,84,72,30.51,30.46,30.41,10,6,2,7,1,,0.00,5,,345
2012-2-4,42,34,24,28,26,21,96,72,53,30.40,30.28,30.19,10,9,3,8,3,,0.00,2,,74
2012-2-5,45,32,19,29,23,17,96,77,49,30.26,30.22,30.17,10,9,5,6,1,,0.00,0,,306
2012-2-6,48,36,24,30,26,23,96,73,39,30.20,30.13,30.04,10,10,7,18,8,24,0.00,3,,264
2012-2-7,36,32,26,30,25,16,88,76,66,30.38,30.27,30.13,10,8,2,12,7,20,0.00,7,Snow,3
2012-2-8,35,28,21,17,14,11,78,60,37,30.37,30.31,30.24,10,10,10,10,5,,0.00,2,,321
2012-2-9,37,28,19,22,18,15,88,67,41,30.25,30.19,30.13,10,10,8,17,9,23,0.00,0,,235
2012-2-10,33,24,15,29,23,10,93,84,72,30.11,29.94,29.82,10,5,0,20,8,32,0.01,7,Fog-Snow,220
2012-2-11,19,14,10,10,6,-2,85,71,47,30.24,30.07,29.89,10,6,1,22,17,32,0.00,7,Snow,330
2012-2-12,30,24,17,15,12,8,78,65,52,30.22,30.17,30.12,10,10,6,21,13,30,0.00,4,Snow,289
2012-2-13,35,26,16,18,14,10,81,58,38,30.15,30.09,29.97,10,10,10,14,9,,0.00,4,,247
2012-2-14,33,30,28,28,26,19,93,87,64,30.06,29.91,29.85,10,4,1,10,6,,0.05,8,Snow,212
2012-2-15,36,34,32,34,29,26,93,81,75,30.20,30.13,30.04,10,8,3,14,7,,0.05,8,Rain,196
2012-2-16,44,37,28,39,35,25,100,91,70,30.09,29.98,29.92,10,4,0,15,4,24,0.12,7,Fog-Rain,265
2012-2-17,43,34,26,28,25,20,88,65,40,30.14,30.09,29.97,10,9,6,15,8,28,0.00,4,,246
2012-2-18,37,29,21,29,22,15,85,67,46,30.24,30.07,29.94,10,10,6,22,10,28,0.00,4,,302
2012-2-19,35,27,19,18,16,14,89,67,46,30.24,30.20,30.14,10,10,10,12,4,,0.00,1,,24
2012-2-20,36,26,15,22,19,12,92,76,52,30.40,30.30,30.15,10,10,10,8,3,,0.00,0,,137
2012-2-21,41,34,27,38,31,23,93,86,70,30.13,29.73,29.62,10,6,0,22,7,37,0.10,6,Fog-Rain-Snow,196
2012-2-22,39,34,30,34,31,27,93,84,65,29.70,29.54,29.44,10,9,2,16,9,52,0.00,6,Snow,231
2012-2-23,41,34,28,32,30,27,100,85,65,29.63,29.54,29.43,10,6,0,30,5,75,0.08,7,Fog-Snow,214
2012-2-24,34,32,30,34,30,25,100,88,75,29.76,29.43,29.26,10,4,1,23,9,68,0.16,8,Snow,355
2012-2-25,32,30,27,27,23,17,93,77,56,30.35,29.93,29.74,10,6,1,22,12,30,0.02,8,Snow,288
2012-2-26,37,28,19,25,20,16,88,67,55,30.44,30.30,30.14,10,10,10,13,5,21,0.00,3,,178
2012-2-27,42,37,27,26,23,21,78,63,47,30.49,30.25,30.09,10,10,10,25,11,37,0.00,5,,261
2012-2-28,39,29,19,27,23,16,92,72,55,30.52,30.40,30.14,10,9,6,12,4,,0.00,3,,142
2012-2-29,44,38,33,42,34,25,100,91,70,30.09,29.75,29.47,10,4,0,17,10,44,0.53,8,Fog-Rain,103
2012-3-1,42,38,33,34,31,30,92,79,61,29.90,29.74,29.57,10,9,3,26,13,51,0.01,8,Rain-Snow,259
2012-3-2,48,41,34,46,37,30,100,86,63,29.88,29.49,29.14,10,7,2,28,7,54,0.50,5,Rain,118
2012-3-3,36,32,28,29,24,20,76,69,61,29.75,29.58,29.30,10,10,6,32,24,74,0.00,8,Snow,264
2012-3-4,36,31,26,25,21,19,88,71,52,29.91,29.81,29.73,10,9,2,16,9,20,0.00,8,Snow,307
2012-3-5,30,26,21,23,18,12,88,74,47,30.42,30.11,29.88,10,6,1,14,6,22,0.01,7,Snow,28
2012-3-6,57,42,28,36,27,19,72,61,45,30.41,30.25,30.08,10,10,10,20,9,31,0.00,4,,188
2012-3-7,64,54,44,45,36,30,60,50,39,30.14,30.06,29.92,10,10,10,30,14,40,0.00,2,,211
2012-3-8,60,44,28,52,40,21,94,79,57,30.15,29.91,29.80,10,9,5,21,15,30,0.15,6,Rain,258
2012-3-9,37,31,24,27,19,9,86,63,35,30.54,30.30,30.12,10,8,2,23,13,32,0.00,5,Snow,297
2012-3-10,48,34,19,27,18,10,77,54,37,30.58,30.44,30.28,10,10,10,18,8,25,0.00,0,,193
2012-3-11,64,47,30,34,29,25,79,51,24,30.34,30.27,30.20,10,10,10,13,7,20,0.00,0,,217
2012-3-12,62,50,39,56,48,33,100,84,63,30.20,29.99,29.80,10,8,2,17,6,28,0.46,6,Rain,203
2012-3-13,66,52,39,50,39,22,97,66,19,30.12,30.00,29.87,10,9,4,21,9,30,0.02,2,Rain,263
2012-3-14,75,54,32,51,40,29,88,60,34,30.17,30.09,30.02,10,10,10,16,4,21,0.00,0,,195
2012-3-15,75,60,48,63,55,46,96,80,64,30.05,30.01,29.95,10,8,1,23,7,34,0.93,3,Rain,190
2012-3-16,70,59,48,61,55,46,100,88,71,30.13,30.09,30.02,10,5,0,9,4,,0.01,1,Fog,201
2012-3-17,75,60,46,56,54,46,100,85,50,30.19,30.14,30.09,10,5,0,14,2,18,0.01,0,Fog,167
2012-3-18,71,60,48,60,53,46,100,86,61,30.12,30.09,30.05,10,6,0,10,2,16,0.00,1,Fog,194
2012-3-19,77,63,51,61,55,51,100,84,58,30.12,30.08,30.04,10,6,0,12,2,,0.01,2,Fog,133
2012-3-20,81,66,51,58,54,50,97,76,42,30.17,30.12,30.07,10,8,1,12,3,,0.00,0,,147
2012-3-21,84,68,53,57,53,50,93,64,36,30.20,30.15,30.09,10,10,7,10,3,,0.00,0,,134
2012-12-21,33,32,30,31,27,20,93,83,64,29.90,29.41,29.17,10,5,1,30,12,44,0.02,8,Snow,309
2012-12-22,35,30,23,24,21,19,92,72,59,30.10,30.03,29.92,10,10,7,21,14,33,0.00,4,,289
2012-12-23,36,26,15,23,19,12,96,78,59,30.06,29.98,29.90,10,8,2,10,5,,0.00,2,,300
2012-12-24,33,26,18,28,24,12,93,85,70,30.03,29.90,29.81,10,7,1,10,6,17,0.02,7,Snow,45
2012-12-25,33,28,23,25,22,19,91,76,64,30.32,30.22,30.01,10,10,10,10,7,,0.00,6,,10
2012-12-26,30,28,26,27,24,19,93,83,64,30.25,29.97,29.83,10,5,0,22,12,41,0.11,8,Fog-Snow,35
2012-12-27,30,19,8,25,19,4,95,83,64,30.19,30.04,29.85,10,8,1,16,10,23,0.01,4,Snow,331
2012-12-28,28,16,3,23,16,-1,92,83,74,30.20,30.10,29.96,10,8,1,6,1,,0.00,6,Snow,101
2012-12-29,28,26,21,25,23,17,93,86,74,30.08,29.88,29.80,10,5,1,10,6,,0.07,8,Snow,6
2012-12-30,28,20,10,25,18,8,92,83,75,30.33,30.25,30.10,10,8,4,15,8,21,0.00,6,Snow,237
2012-12-31,34,22,10,27,21,8,92,76,63,30.19,30.03,29.95,10,9,4,20,9,24,0.00,4,,244
2013-1-1,28,16,5,18,9,1,92,68,50,30.17,30.10,30.04,10,10,10,12,7,,0.00,5,,311
2013-1-2,25,13,1,17,10,-1,92,81,69,30.22,30.16,30.07,10,10,8,12,4,,0.00,6,,241
2013-1-3,30,20,10,24,15,4,82,75,67,30.19,30.14,30.09,10,8,4,15,7,21,0.00,7,,241
2013-1-4,28,24,21,23,18,15,82,73,61,30.22,30.13,30.06,10,10,8,23,14,30,0.00,3,,252
2013-1-5,32,20,8,29,18,7,93,86,75,30.30,30.19,30.04,8,4,0,13,5,18,0.00,3,Fog-Snow,217
2013-1-6,35,34,32,31,28,24,87,81,70,30.28,30.01,29.91,10,6,3,16,11,25,0.00,8,Snow,255
2013-1-7,33,30,26,24,22,19,79,73,66,30.40,30.30,30.17,10,9,7,18,7,26,0.00,3,,226
2013-1-8,34,25,16,26,20,14,93,83,70,30.28,30.22,30.17,7,4,2,9,6,,0.00,0,,204
2013-1-9,45,30,15,31,23,14,100,75,44,30.47,30.18,30.07,10,6,1,22,6,32,0.00,1,,253
2013-1-10,39,29,19,32,25,16,89,78,60,30.59,30.45,30.17,10,8,2,12,3,,0.05,2,Rain,120
2013-1-11,57,46,35,50,40,32,100,90,72,30.15,29.92,29.77,10,5,1,16,8,23,0.61,6,Rain,160
2013-1-12,59,51,43,50,46,41,100,89,69,29.94,29.89,29.84,10,5,0,13,6,17,0.00,1,Fog-Rain,207
2013-1-13,50,41,30,48,37,33,100,89,81,30.06,29.86,29.73,10,7,2,17,10,23,0.63,8,Rain-Snow,335
2013-1-14,30,24,17,17,15,14,88,75,66,30.45,30.33,30.04,10,10,10,22,12,28,0.00,6,,291
2013-1-15,30,21,12,19,15,9,92,77,58,30.46,30.36,30.16,10,10,7,5,1,,0.00,0,,187
2013-1-16,37,27,17,26,18,14,92,69,39,30.14,29.97,29.84,10,10,7,20,6,28,0.00,4,,258
2013-1-17,37,28,19,27,18,4,75,61,43,30.33,30.16,29.99,10,10,10,20,11,31,0.00,3,,308
2013-1-18,34,24,15,22,14,6,77,60,46,30.45,30.28,30.00,10,10,10,21,8,29,0.00,4,,222
2013-1-19,48,41,34,33,27,21,68,58,48,29.98,29.85,29.62,10,10,10,22,15,29,0.00,1,,227
2013-1-20,44,30,17,32,7,4,63,56,48,30.16,30.02,29.58,10,10,10,23,16,37,0.00,7,,294
2013-1-21,18,10,3,13,7,-3,88,75,59,30.14,30.01,29.93,10,4,0,21,8,28,0.01,8,Fog-Snow,292
2013-1-22,10,2,-7,5,-2,-13,85,72,58,30.32,30.24,30.09,10,7,1,15,8,20,0.00,6,Snow,270
2013-1-23,17,9,1,11,5,-1,92,78,62,30.31,30.17,30.05,10,7,2,14,6,,0.00,8,Snow,247
2013-1-24,19,12,5,9,4,-4,85,70,41,30.60,30.43,30.08,10,9,2,13,8,21,0.00,2,Snow,338
2013-1-25,19,16,12,18,13,3,96,82,64,30.49,30.14,29.99,10,4,0,8,4,,0.06,8,Fog-Snow,165
2013-1-26,25,18,12,18,15,9,96,80,59,30.48,30.27,30.02,10,8,4,10,4,,0.00,7,Snow,302
2013-1-27,30,16,3,27,16,0,100,86,61,30.50,30.35,30.13,10,4,0,15,4,21,0.20,5,Fog-Rain-Snow,141
2013-1-28,43,36,30,43,36,28,100,96,92,30.12,29.97,29.88,5,2,0,15,9,24,0.21,8,Fog-Rain-Snow,214
2013-1-29,57,46,35,54,47,35,100,96,87,30.01,29.76,29.47,10,3,0,25,6,90,0.53,8,Fog-Rain-Thunderstorm,188
2013-1-30,61,47,32,57,47,24,100,90,73,29.42,29.24,29.14,10,7,0,25,12,41,0.53,8,Fog-Rain,227
2013-1-31,30,22,15,23,15,9,89,76,60,29.91,29.65,29.27,10,5,0,30,20,44,0.00,8,Snow,273
2013-2-1,18,13,8,13,8,0,88,75,62,30.31,30.12,29.88,10,6,0,21,11,26,0.00,7,Snow,267
2013-2-2,23,16,8,19,13,4,93,82,71,30.23,30.02,29.92,10,4,1,12,8,,0.01,8,Snow,235
2013-2-3,21,10,0,18,9,-4,87,78,62,30.03,29.93,29.83,10,7,0,17,6,25,0.00,7,Fog-Snow,276
2013-2-4,23,18,14,19,16,12,93,85,78,30.04,29.94,29.86,10,4,1,6,2,,0.02,8,Snow,143
2013-2-5,28,20,12,25,18,10,96,87,69,29.97,29.89,29.80,10,6,0,15,4,22,0.01,7,Fog-Snow,226
2013-2-6,28,16,5,22,13,2,92,71,56,30.33,30.21,30.00,10,10,7,14,7,21,0.00,2,Snow,297
2013-2-7,39,32,24,27,23,16,88,74,62,30.30,30.11,29.86,10,9,4,12,5,17,0.01,5,Rain,99
2013-2-8,30,24,18,28,23,14,93,83,63,30.37,29.97,29.76,10,5,1,23,12,33,0.24,7,Rain-Snow,3
2013-2-9,28,17,6,19,15,3,96,80,58,30.47,30.40,30.31,10,10,7,9,5,,0.00,0,,143
2013-2-10,41,30,19,37,26,18,96,80,60,30.28,30.02,29.68,10,9,7,10,5,,0.11,5,Rain,127
2013-2-11,44,38,30,42,30,24,97,76,64,29.90,29.69,29.57,10,10,5,31,15,41,0.01,8,Rain,244
2013-2-12,33,30,27,24,22,19,79,71,64,30.06,29.99,29.91,10,10,8,18,13,25,0.00,8,Snow,276
2013-2-13,37,32,26,25,22,19,88,73,55,29.94,29.83,29.75,10,9,5,8,5,,0.00,4,,234
2013-2-14,39,32,26,34,30,25,96,83,68,29.86,29.75,29.68,10,6,2,24,9,34,0.00,7,Snow,220
2013-2-15,33,28,19,27,16,10,80,62,45,30.14,30.04,29.88,10,10,10,14,11,22,0.00,7,,300
2013-2-16,26,19,12,19,15,7,93,79,48,30.12,30.03,29.96,10,5,1,20,5,22,0.00,7,Snow,304
2013-2-17,25,18,10,12,6,1,88,66,39,30.23,30.16,30.04,10,10,4,17,8,20,0.00,2,Snow,319
2013-2-18,46,31,16,35,20,7,71,60,45,30.22,29.95,29.61,10,10,10,18,8,24,0.00,3,,164
2013-2-19,43,30,17,40,22,10,93,81,68,29.96,29.69,29.42,10,5,0,29,19,39,0.18,8,Fog-Rain-Snow,250
2013-2-20,21,18,15,14,10,5,79,67,57,30.26,30.13,29.93,10,9,5,23,15,29,0.00,8,Snow,294
2013-2-21,26,24,21,17,14,11,82,71,60,30.39,30.33,30.27,10,10,9,12,8,16,0.00,6,,40
2013-2-22,33,27,21,32,25,17,100,90,74,30.27,29.97,29.88,10,4,0,16,10,25,0.11,8,Fog-Snow,130
2013-2-23,33,27,19,28,20,14,89,69,59,29.95,29.91,29.87,10,10,9,16,11,25,0.00,7,,249
2013-2-24,36,25,14,26,21,12,92,79,59,30.17,30.05,29.93,10,8,3,17,7,,0.00,6,Snow,267
2013-2-25,41,28,15,24,20,12,100,73,50,30.25,30.18,30.11,10,8,4,8,2,,0.00,1,,115
2013-2-26,34,30,27,32,29,19,96,85,64,30.11,29.69,29.49,10,4,0,20,12,31,0.82,6,Fog-Rain-Snow,77
2013-2-27,35,34,33,34,32,31,100,93,85,29.59,29.51,29.43,10,4,0,12,7,17,0.30,8,Fog-Snow,187
2013-2-28,37,34,30,32,29,24,96,84,70,29.97,29.74,29.55,10,8,2,18,9,25,0.00,8,Snow,347
2013-3-1,28,26,25,24,20,18,82,76,71,30.12,30.06,29.98,10,10,10,15,11,21,0.00,8,,12
2013-3-2,26,24,23,19,18,16,81,74,69,30.10,30.09,30.07,10,9,5,10,8,,0.00,8,Snow,341
2013-3-3,28,20,12,16,13,9,92,70,49,30.08,30.06,30.01,10,10,8,13,7,21,0.00,4,Snow,315
2013-3-4,33,22,10,18,14,7,88,69,50,30.17,30.13,30.09,10,10,10,8,3,,0.00,0,,296
2013-3-5,34,26,19,25,21,16,92,76,61,30.14,29.98,29.84,10,10,5,15,8,24,0.00,4,,79
2013-3-6,39,32,26,28,26,21,82,73,61,30.22,30.06,29.84,10,10,10,14,9,22,0.00,5,,10
2013-3-7,36,32,23,29,25,18,89,74,59,30.41,30.32,30.22,10,9,7,12,5,,0.00,7,,340
2013-3-8,43,31,19,27,22,17,96,72,49,30.51,30.46,30.42,10,10,10,7,2,,0.00,0,,342
2013-3-9,42,32,21,31,27,20,92,77,62,30.42,30.27,30.06,10,10,6,12,3,18,0.00,2,,135
2013-3-10,61,48,35,44,38,30,85,62,51,30.04,29.92,29.81,10,10,10,17,6,25,0.01,3,Rain,188
2013-3-11,54,46,37,48,44,31,100,84,64,29.81,29.63,29.48,10,8,2,24,12,33,0.28,8,Rain,210
2013-3-12,37,32,28,31,28,24,93,80,67,29.94,29.84,29.71,10,9,2,17,12,23,0.01,8,Snow,248
2013-3-13,32,28,24,27,21,12,93,76,53,30.21,29.97,29.85,10,6,1,24,11,31,0.00,7,Snow,282
2013-3-14,42,30,19,21,17,11,85,60,38,30.28,30.21,30.10,10,10,10,13,8,20,0.00,0,,277
2013-3-15,41,34,30,34,30,20,100,81,59,30.09,29.92,29.84,10,6,1,15,8,84,0.06,7,Rain-Snow,296
2013-3-16,34,31,28,32,26,20,100,87,66,30.06,29.84,29.74,10,5,1,18,8,71,0.09,8,Snow,39
2013-3-17,34,26,21,23,17,12,80,67,51,30.28,30.18,30.04,10,10,10,15,8,18,0.00,3,,31
2013-3-18,35,29,23,36,28,15,100,87,69,30.18,29.74,29.54,10,5,1,20,11,28,0.04,7,Rain-Snow,107
2013-3-19,35,29,23,30,17,12,87,68,58,29.96,29.78,29.61,10,8,2,25,17,38,0.00,8,Snow,256
2013-3-20,30,24,17,16,13,8,71,63,47,29.97,29.93,29.89,10,8,2,18,13,26,0.00,6,Snow,283
2013-3-21,33,24,15,21,17,9,84,73,56,29.96,29.90,29.85,10,8,2,17,11,24,0.00,7,Snow,288
2013-12-21,37,35,33,37,33,31,100,95,92,29.86,29.78,29.65,9,4,0,14,5,20,0.67,8,Fog-Rain,3
2013-12-22,37,35,33,35,32,30,100,91,83,29.96,29.72,29.54,10,7,2,18,8,26,0.23,8,Rain-Snow,269
2013-12-23,33,27,19,30,22,11,93,76,59,30.32,30.18,29.95,10,9,2,16,9,24,0.00,8,Snow,275
2013-12-24,19,14,7,9,7,3,84,72,54,30.56,30.42,30.30,10,8,2,14,10,20,0.00,5,Snow,289
2013-12-25,25,15,6,22,15,2,88,81,68,30.51,30.30,30.11,10,6,1,15,7,21,0.00,7,Snow,192
2013-12-26,28,26,24,23,21,15,93,81,63,30.30,30.12,30.02,10,5,1,18,9,24,0.02,8,Snow,232
2013-12-27,39,32,26,30,27,21,85,78,70,30.32,30.23,30.09,10,10,9,15,5,37,0.00,4,,214
2013-12-28,46,38,30,34,31,27,88,74,59,30.14,30.04,29.91,10,10,7,15,10,24,0.00,0,,220
2013-12-29,44,34,23,32,26,16,93,78,58,30.01,29.82,29.70,10,9,2,20,10,28,0.00,5,Rain-Snow,296
2013-12-30,21,18,16,14,8,2,74,61,52,30.28,30.18,30.03,10,10,6,13,8,21,0.00,8,Snow,301
2013-12-31,19,16,14,16,11,7,88,76,62,30.34,30.17,30.03,10,5,1,18,10,25,0.01,8,Snow,264
2014-1-1,16,14,12,11,9,7,86,82,77,30.40,30.29,30.18,8,2,0,14,8,,0.06,8,Snow,42
2014-1-2,15,9,3,11,7,-6,85,78,66,30.30,30.12,30.03,10,3,0,22,14,31,0.01,8,Snow,29
2014-1-3,10,2,-7,0,-5,-11,83,66,51,30.46,30.37,30.19,10,10,10,17,8,22,0.00,1,,238
2014-1-4,28,19,10,22,11,1,78,66,55,30.15,30.03,29.93,10,10,3,18,11,26,0.00,2,Snow,208
2014-1-5,30,24,19,29,24,15,93,89,74,30.05,29.83,29.54,10,2,0,23,4,31,0.32,8,Fog-Snow,17
2014-1-6,19,2,-15,16,-4,-24,86,71,61,30.15,29.87,29.57,10,4,0,30,20,43,0.00,7,Snow,268
2014-1-7,1,-7,-15,-10,-16,-23,72,65,57,30.38,30.26,30.15,10,10,9,21,13,30,0.00,2,,230
2014-1-8,15,0,-16,5,-7,-20,91,78,64,30.55,30.43,30.30,10,10,7,9,4,,0.00,1,,232
2014-1-9,21,4,-14,19,7,-19,100,84,68,30.63,30.45,30.29,10,6,2,7,2,,0.01,6,Snow,123
2014-1-10,37,29,21,37,30,19,100,95,86,30.28,30.05,29.68,6,2,0,10,3,17,0.32,8,Fog-Rain-Snow,162
2014-1-11,41,38,34,40,36,27,100,94,75,29.66,29.49,29.33,10,5,0,22,9,29,0.14,8,Fog-Rain,228
2014-1-12,35,34,32,30,27,25,85,78,72,29.96,29.82,29.67,10,10,7,17,13,23,0.00,4,,239
2014-1-13,42,38,33,36,32,29,96,79,70,29.76,29.66,29.58,10,10,6,13,9,,0.00,1,,217
2014-1-14,36,28,19,31,25,18,93,77,61,29.81,29.74,29.69,10,8,2,26,9,39,0.00,4,Snow,237
2014-1-15,28,23,18,20,17,11,81,72,60,30.02,29.90,29.74,10,8,2,22,15,32,0.00,8,Snow,262
2014-1-16,27,23,19,25,19,10,93,84,68,29.95,29.72,29.62,10,4,0,17,12,24,0.02,8,Fog-Snow,194
2014-1-17,28,22,16,25,19,9,93,79,67,29.95,29.76,29.60,10,7,1,16,8,21,0.01,8,Snow,245
2014-1-18,17,10,3,13,8,0,92,81,73,29.98,29.91,29.83,10,7,2,12,6,,0.00,6,Snow,205
2014-1-19,28,20,12,21,16,10,88,78,69,29.81,29.67,29.55,10,9,4,24,9,32,0.00,6,Snow,230
2014-1-20,30,21,12,27,16,5,93,78,60,30.08,29.83,29.49,10,6,2,18,9,24,0.00,8,Snow,355
2014-1-21,12,2,-13,5,-6,-16,86,61,51,30.24,30.16,30.02,10,10,5,16,11,20,0.00,3,Snow,357
2014-1-22,10,-4,-17,7,0,-21,88,78,60,30.23,30.00,29.91,10,4,1,13,6,18,0.00,7,Snow,199
2014-1-23,14,2,-11,4,0,-14,87,74,57,30.51,30.25,29.92,10,8,2,13,6,21,0.00,5,Snow,302
2014-1-24,17,4,-9,11,0,-16,86,74,61,30.48,29.99,29.56,10,6,2,24,11,39,0.00,6,Snow,218
2014-1-25,26,14,0,21,13,-5,89,76,49,29.81,29.42,29.29,10,3,0,23,16,32,0.00,8,Fog-Snow,278
2014-1-26,27,11,-5,25,7,-9,93,79,71,29.81,29.56,29.38,10,5,0,22,7,30,0.02,7,Fog-Snow,207
2014-1-27,23,7,-9,19,1,-15,86,71,55,30.35,29.94,29.40,10,4,0,22,14,30,0.01,6,Fog-Snow,296
2014-1-28,6,-4,-14,-5,-14,-19,86,68,48,30.42,30.34,30.24,10,10,10,18,8,,0.00,0,,230
2014-1-29,15,4,-6,2,-5,-13,75,64,49,30.23,30.18,30.14,10,10,9,23,12,28,0.00,0,,232
2014-1-30,27,16,7,22,10,-1,86,69,53,30.18,29.96,29.81,10,8,1,25,13,34,0.00,4,Snow,209
2014-1-31,30,28,26,24,21,19,92,75,69,30.15,30.06,29.88,10,9,2,10,7,,0.00,6,Snow,246
2014-2-1,34,30,26,34,27,21,100,92,80,30.14,29.94,29.81,9,2,0,12,4,,0.57,8,Fog-Rain-Snow,20
2014-2-2,24,22,18,21,16,12,89,77,59,30.28,30.15,30.01,10,10,8,12,7,,0.00,6,,320
2014-2-3,21,10,-2,10,5,-8,91,76,55,30.43,30.35,30.27,10,9,5,8,2,,0.00,0,,290
2014-2-4,23,9,-5,16,7,-10,88,76,60,30.48,30.35,30.14,10,7,1,13,3,,0.00,4,Snow,74
2014-2-5,26,17,6,19,15,2,86,79,54,30.38,30.04,29.87,10,3,0,21,13,29,0.04,7,Fog-Snow,21
2014-2-6,19,8,-2,11,2,-6,91,75,58,30.39,30.34,30.24,10,9,4,18,6,25,0.00,7,Snow,245
2014-2-7,12,4,-4,-1,-6,-9,79,70,54,30.38,30.34,30.26,10,10,10,17,8,21,0.00,4,,227
2014-2-8,16,8,0,10,5,-8,92,79,68,30.37,30.26,30.17,10,5,1,9,5,,0.01,7,Snow,209
2014-2-9,21,16,12,13,9,8,88,78,57,30.19,30.08,30.00,10,6,1,15,3,,0.05,7,Snow,286
2014-2-10,19,6,-7,13,5,-11,92,74,57,30.40,30.30,30.20,10,8,2,12,7,,0.00,6,Snow,283
2014-2-11,12,-1,-14,0,-3,-17,87,65,49,30.53,30.49,30.41,10,10,8,9,6,,0.00,4,,296
2014-2-12,16,-1,-18,7,-5,-24,92,77,59,30.51,30.32,30.11,10,6,0,9,1,,0.00,3,Fog,186
2014-2-13,28,14,0,12,7,-3,95,65,41,30.10,29.86,29.54,10,9,4,9,4,,0.00,4,,139
2014-2-14,28,24,19,23,18,12,93,77,60,29.81,29.61,29.43,10,6,1,17,7,21,0.00,7,Snow,276
2014-2-15,21,11,0,16,3,-6,91,67,52,30.10,30.01,29.82,10,10,9,13,8,21,0.00,0,,317
2014-2-16,26,12,-2,14,9,-6,95,77,55,30.40,30.10,29.93,10,6,1,13,3,,0.02,6,Snow,360
2014-2-17,21,6,-9,19,7,-12,100,81,61,30.42,30.03,29.62,10,6,0,16,5,28,0.20,4,Fog-Snow,90
2014-2-18,37,28,21,27,20,16,92,77,66,30.02,29.81,29.60,10,6,1,20,13,28,0.00,5,Snow,255
2014-2-19,43,30,18,31,25,16,100,78,53,30.06,29.81,29.59,10,7,1,18,7,26,0.00,2,Snow,270
2014-2-20,44,31,21,43,31,19,100,93,73,30.09,29.73,29.40,6,2,0,16,6,26,0.78,6,Fog-Rain-Snow-Thunderstorm,103
2014-2-21,44,37,30,43,27,14,100,70,50,29.79,29.55,29.39,10,9,2,31,17,46,0.00,6,,227
2014-2-22,35,31,27,29,18,8,82,57,40,30.01,29.90,29.76,10,10,4,22,14,29,0.00,2,Snow,248
2014-2-23,30,22,15,16,12,7,74,60,43,30.10,30.06,29.99,10,10,10,20,11,26,0.00,0,,268
2014-2-24,23,20,17,12,10,8,79,64,58,30.19,30.14,30.07,10,9,2,20,13,25,0.00,8,Snow,288
2014-2-25,21,14,6,13,8,3,87,71,62,30.19,30.10,29.99,10,8,2,20,9,25,0.00,7,Snow,281
2014-2-26,14,7,0,3,-1,-5,83,63,51,30.14,29.98,29.68,10,10,9,20,11,25,0.00,3,Snow,268
2014-2-27,14,4,-9,9,-1,-15,85,66,40,30.26,29.79,29.51,10,5,0,24,13,36,0.00,6,Snow,299
2014-2-28,17,0,-16,9,-5,-23,78,65,48,30.37,30.27,30.13,10,10,10,10,3,,0.00,1,,142
2014-3-1,28,22,16,22,16,10,88,80,66,30.27,30.17,30.08,10,5,1,13,4,,0.09,7,Snow,342
2014-3-2,18,10,0,14,6,-6,86,75,48,30.38,30.29,30.22,10,5,1,12,7,16,0.04,7,Snow,30
2014-3-3,12,3,-11,-5,-9,-16,78,60,41,30.51,30.46,30.38,10,10,10,12,7,17,0.00,0,,345
2014-3-4,18,6,-5,6,-2,-10,80,58,38,30.44,30.33,30.25,10,10,10,8,2,,0.00,7,,207
2014-3-5,24,19,12,11,7,2,73,59,50,30.54,30.42,30.28,10,10,10,12,6,,0.00,6,,47
2014-3-6,27,18,9,12,7,4,84,66,51,30.53,30.36,30.15,10,10,10,14,6,18,0.00,0,,89
2014-3-7,42,22,3,26,15,-1,91,70,47,30.12,30.04,29.94,10,10,7,10,3,,0.00,0,,213
2014-3-8,37,29,19,32,24,16,89,74,64,30.19,30.08,29.94,10,7,2,12,7,,0.11,7,Rain-Snow,343
2014-3-9,34,23,12,27,18,9,92,70,54,30.26,30.10,29.85,10,10,7,20,8,25,0.00,0,,247
2014-3-10,46,40,34,35,31,27,79,70,56,29.85,29.69,29.58,10,9,6,16,11,,0.00,3,,228
2014-3-11,51,44,36,37,34,29,89,74,44,29.76,29.68,29.64,10,8,4,12,6,,0.10,5,Rain,294
2014-3-12,37,24,10,35,22,1,92,82,59,30.04,29.68,29.55,10,4,0,28,14,41,0.18,6,Fog-Snow,17
2014-3-13,21,11,1,9,2,-5,74,62,46,30.19,30.10,30.01,10,10,10,14,6,,0.00,2,,257
2014-3-14,48,29,10,34,23,7,88,67,51,29.98,29.74,29.59,10,10,10,25,10,33,0.00,1,,229
2014-3-15,39,34,28,30,24,15,82,64,50,30.27,29.99,29.74,10,10,10,16,13,25,0.00,5,,306
2014-3-16,26,19,10,13,5,-2,68,56,36,30.43,30.34,30.23,10,10,10,17,12,24,0.00,3,,45
2014-3-17,30,19,8,15,7,1,76,59,38,30.20,30.06,29.95,10,10,10,12,7,,0.00,0,,89
2014-3-18,44,32,19,29,23,15,85,70,55,30.04,29.99,29.88,10,10,9,13,5,,0.00,0,,104
2014-3-19,48,42,35,43,37,28,96,88,76,29.89,29.70,29.59,10,6,1,26,8,34,0.11,8,Rain,212
2014-3-20,39,34,26,33,26,20,92,71,51,30.07,29.93,29.82,10,9,4,20,15,29,0.00,7,,284
2014-3-21,41,30,19,28,23,17,89,73,55,30.10,30.00,29.71,10,9,6,14,3,,0.00,1,,127
2014-12-21,34,26,19,25,24,18,96,82,70,30.34,30.28,30.20,10,7,4,8,2,,0.00,7,,154
2014-12-22,39,31,23,34,27,21,92,83,70,30.19,30.03,29.85,10,6,2,10,6,,0.01,3,Rain,95
2014-12-23,52,44,37,49,42,33,100,94,83,29.82,29.79,29.74,8,3,0,10,6,,0.04,8,Fog-Rain,128
2014-12-24,46,41,36,46,43,33,100,95,89,29.73,29.51,29.27,10,4,0,21,6,34,0.82,8,Fog-Rain-Snow,15
2014-12-25,39,36,32,35,32,29,93,83,70,30.13,29.91,29.53,10,10,9,20,13,31,0.00,6,Rain,245
2014-12-26,45,38,30,38,33,28,97,87,71,30.16,30.13,30.07,10,9,6,14,7,,0.00,1,,207
2014-12-27,46,38,30,45,39,30,100,92,73,30.13,30.04,29.94,10,6,0,23,6,32,0.05,8,Fog-Rain,220
2014-12-28,36,30,24,31,27,20,92,79,59,30.22,30.09,30.00,10,9,2,15,9,22,0.01,5,Snow,298
2014-12-29,32,23,14,20,15,10,92,68,45,30.44,30.34,30.23,10,10,10,12,4,16,0.00,1,,340
2014-12-30,24,20,15,12,8,5,74,63,48,30.58,30.52,30.45,10,10,10,16,9,25,0.00,4,,314
2014-12-31,21,14,7,12,5,-1,84,61,44,30.51,30.35,30.12,10,9,2,23,10,33,0.00,5,Snow,258
2015-1-1,30,23,16,16,9,5,68,57,43,30.09,30.02,29.93,10,10,10,21,16,29,0.00,4,,242
2015-1-2,36,28,21,21,19,17,85,67,48,30.37,30.26,30.09,10,10,10,13,7,,0.00,5,,250
2015-1-3,33,28,24,32,30,20,96,93,81,30.31,30.02,29.77,10,3,1,13,7,17,0.47,7,Rain-Snow,95
2015-1-4,34,26,19,30,23,12,93,83,68,30.19,29.95,29.74,10,5,0,21,15,32,0.01,7,Fog-Snow,291
2015-1-5,19,12,6,13,2,-2,77,71,59,30.54,30.44,30.20,10,6,1,23,15,31,0.00,7,Snow,273
2015-1-6,17,9,1,11,5,-3,91,79,65,30.42,30.22,30.04,10,6,1,22,9,31,0.03,7,Snow,253
2015-1-7,12,6,1,8,0,-8,88,70,51,30.61,30.34,30.04,10,6,1,20,12,29,0.01,6,Snow,305
2015-1-8,12,5,-2,8,-1,-11,84,75,60,30.52,30.12,29.72,10,6,1,20,15,28,0.00,6,Snow,223
2015-1-9,18,10,0,13,5,-6,84,76,64,30.36,30.06,29.70,10,4,0,24,16,34,0.00,7,Snow,264
2015-1-10,15,5,-2,5,-3,-8,79,71,58,30.49,30.43,30.36,10,10,10,17,10,24,0.00,4,,220
2015-1-11,30,22,15,25,19,6,93,78,56,30.40,30.32,30.25,10,6,1,14,7,23,0.04,8,Snow,215
2015-1-12,28,22,12,26,21,4,96,84,60,30.66,30.32,30.21,10,5,1,16,5,23,0.06,6,Snow,307
2015-1-13,15,6,-5,3,-4,-11,88,70,31,30.78,30.64,30.46,10,9,3,12,7,,0.00,2,Snow,48
2015-1-14,16,6,-5,5,1,-9,92,83,57,30.48,30.36,30.30,10,6,1,9,3,,0.00,6,Snow,256
2015-1-15,28,14,0,22,10,-2,91,77,65,30.27,30.06,29.90,10,7,5,15,6,22,0.00,5,Snow,226
2015-1-16,30,24,18,24,16,7,88,68,49,30.27,30.10,29.89,10,9,6,14,10,,0.00,7,,318
2015-1-17,41,28,16,31,21,7,89,74,62,30.23,29.93,29.64,10,9,5,17,9,25,0.00,3,,161
2015-1-18,39,36,33,33,31,26,96,84,70,29.95,29.73,29.61,10,8,2,16,11,22,0.03,8,Snow,256
2015-1-19,36,33,30,30,27,23,92,79,69,30.02,29.98,29.95,10,10,8,9,5,,0.00,8,Snow,331
2015-1-20,30,28,26,26,25,22,92,85,79,30.07,29.98,29.90,10,6,1,9,4,,0.03,8,Snow,95
2015-1-21,27,25,23,23,21,19,92,86,80,30.21,30.05,30.00,10,4,0,12,6,,0.08,8,Fog-Snow,66
2015-1-22,28,24,21,23,19,16,92,79,69,30.45,30.37,30.18,10,9,5,10,6,,0.00,8,Snow,298
2015-1-23,30,26,23,24,22,19,88,77,72,30.38,30.12,29.80,10,10,8,16,9,,0.00,6,,236
2015-1-24,37,31,25,33,27,21,96,85,76,29.81,29.66,29.56,10,7,4,13,8,,0.00,8,,247
2015-1-25,35,27,19,33,21,8,100,78,55,30.01,29.84,29.68,10,8,3,17,8,22,0.00,7,Snow,52
2015-1-26,27,18,10,10,7,5,84,65,43,30.02,29.97,29.92,10,10,10,12,7,,0.00,1,,38
2015-1-27,28,18,7,12,9,3,84,71,51,30.27,30.14,30.01,10,10,10,13,5,17,0.00,0,,6
2015-1-28,28,16,3,15,9,1,92,70,45,30.40,30.30,30.14,10,10,10,10,4,,0.00,0,,193
2015-1-29,34,29,24,30,25,15,93,81,64,30.11,29.87,29.72,10,6,0,22,10,29,0.04,8,Fog-Rain-Snow,318
2015-1-30,26,16,7,16,7,1,88,65,50,30.48,30.38,30.15,10,10,6,21,14,33,0.00,4,Snow,342
2015-1-31,35,20,5,25,16,2,88,74,54,30.42,30.28,30.19,10,10,9,12,3,,0.00,5,,236
2015-2-1,32,24,17,28,20,12,92,86,69,30.19,30.00,29.64,10,1,0,22,9,29,0.30,8,Fog-Snow,54
2015-2-2,17,8,0,13,5,-9,84,73,39,30.22,29.91,29.64,10,5,0,22,15,31,0.01,4,Fog-Snow,345
2015-2-3,24,8,-8,22,11,-12,92,83,65,30.26,30.15,30.05,10,7,2,14,6,,0.02,6,Snow,208
2015-2-4,30,23,14,27,21,6,96,85,65,30.24,30.04,29.94,10,4,0,16,8,25,0.05,8,Fog-Snow,286
2015-2-5,16,-1,-18,4,-5,-20,100,74,52,30.47,30.37,30.25,10,8,1,14,7,18,0.00,0,,279
2015-2-6,28,18,8,18,10,-1,74,67,54,30.24,30.16,30.10,10,10,9,21,13,,0.00,5,,246
2015-2-7,37,28,18,30,24,15,88,77,65,30.07,29.90,29.74,10,8,5,8,4,,0.00,1,,198
2015-2-8,41,32,24,36,29,18,92,86,77,29.95,29.74,29.65,10,5,2,17,5,,0.02,6,Rain-Snow,5
2015-2-9,25,20,14,17,15,10,84,77,68,30.25,30.10,29.96,10,10,5,15,11,,0.00,5,Snow,17
2015-2-10,27,18,10,14,11,7,88,76,53,30.32,30.25,30.16,10,8,3,9,6,,0.00,3,Snow,79
2015-2-11,33,25,17,30,22,14,96,87,72,30.15,29.96,29.86,10,4,1,15,8,22,0.00,8,Snow,230
2015-2-12,27,16,5,21,4,-6,85,64,44,30.41,30.14,29.91,10,8,2,21,12,29,0.00,5,Snow,336
2015-2-13,21,3,-15,17,2,-18,86,72,61,30.41,30.19,29.85,10,9,2,17,8,23,0.00,5,Snow,227
2015-2-14,25,13,1,20,7,-11,88,71,51,30.31,29.81,29.62,10,3,0,30,15,41,0.01,7,Snow,321
2015-2-15,5,-2,-11,-11,-15,-20,78,56,43,30.58,30.51,30.32,10,10,10,15,10,22,0.00,0,,346
2015-2-16,7,-6,-20,-2,-11,-26,87,72,58,30.52,30.30,30.06,10,10,9,8,2,,0.00,2,,128
2015-2-17,19,5,-9,15,6,-13,86,79,68,30.05,29.89,29.81,10,5,1,13,6,,0.00,8,Snow,235
2015-2-18,16,8,1,8,2,-6,87,71,49,30.08,29.84,29.71,10,6,0,23,9,34,0.00,6,Snow,275
2015-2-19,3,-2,-15,-5,-11,-18,86,64,41,30.38,30.23,30.09,10,9,2,15,8,22,0.00,4,Snow,320
2015-2-20,12,-7,-26,2,-12,-31,85,65,45,30.44,30.32,30.05,10,10,9,18,6,24,0.00,3,,204
2015-2-21,25,16,6,18,13,3,96,84,64,30.14,30.00,29.90,10,5,1,10,4,,0.00,6,Snow,224
2015-2-22,27,18,7,21,11,-3,92,75,50,30.56,30.30,30.10,10,6,2,17,6,20,0.00,7,Snow,300
2015-2-23,10,2,-7,-5,-9,-14,76,62,48,30.71,30.59,30.36,10,10,10,12,8,,0.00,0,,269
2015-2-24,21,8,-4,16,3,-9,85,70,54,30.33,29.89,29.65,10,10,8,22,12,33,0.00,4,Snow,225
2015-2-25,21,14,8,17,7,-3,88,66,44,30.09,29.91,29.66,10,9,2,15,8,22,0.00,3,Snow,345
2015-2-26,15,4,-6,4,1,-9,87,67,56,30.40,30.18,30.07,10,7,1,12,8,,0.00,7,Snow,15
2015-2-27,17,-2,-20,-1,-8,-23,91,69,43,30.72,30.58,30.41,10,10,10,13,4,,0.00,0,,278
2015-2-28,19,2,-14,5,-4,-19,91,66,43,30.82,30.73,30.58,10,10,5,12,3,,0.00,1,Snow,197
2015-3-1,24,18,12,18,14,9,88,81,74,30.55,30.35,30.23,10,6,1,12,3,,0.01,8,Snow,258
2015-3-2,30,24,17,18,13,9,86,65,47,30.49,30.39,30.23,10,9,5,15,10,21,0.00,2,Snow,271
2015-3-3,36,28,21,33,24,14,96,86,72,30.36,29.88,29.56,10,4,0,21,9,29,0.20,8,Fog-Rain-Snow,182
2015-3-4,33,24,16,26,15,-1,78,61,43,30.27,30.00,29.81,10,10,8,20,11,25,0.00,4,,295
2015-3-5,17,8,-5,0,-2,-10,82,58,43,30.56,30.43,30.30,10,10,10,15,9,18,0.00,0,,332
2015-3-6,19,3,-13,10,0,-16,91,69,47,30.56,30.42,30.22,10,10,10,16,6,24,0.00,1,,222
2015-3-7,43,29,15,30,19,8,77,67,56,30.19,30.07,29.96,10,10,9,16,9,20,0.00,3,,234
2015-3-8,41,31,21,25,23,19,92,69,47,30.19,30.14,30.10,10,10,7,16,6,,0.00,2,,248
2015-3-9,45,30,17,30,26,16,96,75,51,30.23,30.18,30.12,10,8,4,12,6,,0.00,0,,242
2015-3-10,45,34,23,40,31,21,100,90,76,30.17,30.06,29.95,5,3,0,8,2,,0.00,5,Fog,224
2015-3-11,53,40,28,36,30,22,100,75,32,30.43,30.17,29.99,10,6,0,12,6,17,0.00,0,Fog,302
2015-3-12,44,34,24,25,17,10,91,55,27,30.64,30.56,30.46,10,10,10,13,4,,0.00,0,,108
2015-3-13,51,40,28,41,29,14,100,69,43,30.48,30.20,30.04,10,8,0,9,4,,0.00,3,Fog,174
2015-3-14,48,44,37,43,37,30,100,80,58,30.05,29.93,29.87,10,6,0,21,9,32,0.00,5,Fog,294
2015-3-15,54,42,30,37,30,26,82,65,38,30.25,30.14,30.05,10,10,10,17,11,33,0.00,3,,293
2015-3-16,64,50,35,47,40,34,96,71,45,30.03,29.88,29.73,10,10,10,13,7,,0.00,1,,234
2015-3-17,54,42,23,45,22,5,93,54,24,30.30,30.06,29.74,10,10,10,23,14,33,0.00,2,,335
2015-3-18,48,34,21,20,17,12,81,51,30,30.30,30.26,30.20,10,10,10,17,7,25,0.00,0,,291
2015-3-19,39,32,26,20,15,10,78,48,34,30.38,30.29,30.19,10,10,10,9,6,,0.00,2,,84
2015-3-20,51,40,30,35,24,15,82,58,42,30.17,30.09,30.03,10,10,8,13,5,,0.00,6,,226
2015-3-21,52,42,32,38,32,14,93,70,36,30.23,30.05,29.95,10,8,4,15,10,21,0.00,5,,288