0          0.3333        0.3333         0         0    0.3333         0         0         0         0         0         0
0.1818     0.0909        0.3636    0.0909    0.0909    0.0909    0.0909         0         0         0         0         0
0.0526     0.1579        0.0526    0.3158    0.1053    0.1579    0.0526    0.1053         0         0         0         0
0          0.0882        0.2353    0.1765    0.1471    0.2353    0.0294    0.0588    0.0294         0         0         0
0          0.0769        0.0385    0.2308    0.1923    0.1538    0.1538    0.1538         0         0         0         0
0               0        0.0323    0.1129    0.0645    0.2903    0.2419    0.1129    0.1129    0.0323         0         0
0          0.0161        0.0323    0.1129    0.0968    0.1935    0.1774    0.2581    0.0484    0.0323    0.0161    0.0161
0               0             0    0.0111    0.0333    0.1000    0.2111    0.3222    0.1889    0.1111    0.0111    0.0111
0               0             0         0         0    0.0635    0.0794    0.3175    0.2698    0.1587    0.0794    0.0317
0               0             0         0         0    0.0488    0.0244    0.1951    0.2683    0.2927    0.1463    0.0244
0               0             0         0         0         0    0.1000    0.1000    0.2500    0.2000    0.2000    0.1500
0               0             0         0         0         0    0.0455         0    0.0909    0.0455    0.1818    0.6364
